3.186691248214733605e+02,1.673901675755604970e+02
3.191693575722885612e+02,1.694369866590643028e+02
3.196695903231038187e+02,1.684620726747873789e+02
3.201698230739190194e+02,1.652340633276988342e+02
3.206700558247342769e+02,1.677203243785459676e+02
3.211702885755494776e+02,1.675871259122416177e+02
3.216705213263646783e+02,1.661739177889689358e+02
3.221707540771799358e+02,1.673768914332938493e+02
3.226709868279951365e+02,1.672202018469284042e+02
3.231712195788103941e+02,1.684936761553983047e+02
3.236714523296255948e+02,1.661696754306103401e+02
3.241716850804407954e+02,1.663147141512709766e+02
3.246719178312560530e+02,1.679157641314756120e+02
3.251721505820712537e+02,1.684753728104735160e+02
3.256723833328865112e+02,1.674495475086312979e+02
3.261726160837017119e+02,1.686818955183672415e+02
3.266728488345169126e+02,1.660439962610751650e+02
3.271730815853321701e+02,1.682471098659234769e+02
3.276733143361473708e+02,1.672700329181601546e+02
3.281735470869626283e+02,1.684879263499285003e+02
3.286737798377778290e+02,1.664930342121014064e+02
3.291740125885930297e+02,1.685605593626330005e+02
3.296742453394082872e+02,1.678568571357277790e+02
3.301744780902234879e+02,1.677453059189659257e+02
3.306747108410387455e+02,1.690699824904985746e+02
3.311749435918539461e+02,1.675036080724770500e+02
3.316751763426691468e+02,1.669300088007937291e+02
3.321754090934844044e+02,1.664502489296653209e+02
3.326756418442996051e+02,1.662248520153309528e+02
3.331758745951148626e+02,1.682196149772134106e+02
3.336761073459300633e+02,1.682666951319405939e+02
3.341763400967452640e+02,1.681993596385095486e+02
3.346765728475605215e+02,1.668922045767135103e+02
3.351768055983757222e+02,1.698586826985345795e+02
3.356770383491909797e+02,1.678225925535644194e+02
3.361772711000061804e+02,1.674800316179004369e+02
3.366775038508213811e+02,1.680798781433960585e+02
3.371777366016366386e+02,1.661445745189010097e+02
3.376779693524518393e+02,1.697498069439763242e+02
3.381782021032670968e+02,1.677325667907348645e+02
3.386784348540822975e+02,1.696954461631747222e+02
3.391786676048975551e+02,1.680721751268621347e+02
3.396789003557127558e+02,1.679413662293922869e+02
3.401791331065279564e+02,1.698405904632246290e+02
3.406793658573432140e+02,1.668507125229710937e+02
3.411795986081584147e+02,1.670605732113986903e+02
3.416798313589736154e+02,1.691424634342687057e+02
3.421800641097888729e+02,1.681925851838284132e+02
3.426802968606040736e+02,1.696932764931132169e+02
3.431805296114193311e+02,1.707812507708655971e+02
3.436807623622345318e+02,1.678126725591084778e+02
3.441809951130497893e+02,1.677472383414354056e+02
3.446812278638649900e+02,1.679575403850277269e+02
3.451814606146801907e+02,1.695368388686681556e+02
3.456816933654954482e+02,1.679788091271479971e+02
3.461819261163106489e+02,1.689327653670768541e+02
3.466821588671258496e+02,1.676890742406473009e+02
3.471823916179411071e+02,1.682163548939400357e+02
3.476826243687563078e+02,1.685146050641978093e+02
3.481828571195715654e+02,1.676315661120075049e+02
3.486830898703867661e+02,1.689206298981976886e+02
3.491833226212020236e+02,1.696739463479259769e+02
3.496835553720172243e+02,1.706217820668209981e+02
3.501837881228324250e+02,1.685126307138805828e+02
3.506840208736476825e+02,1.684722187257939368e+02
3.511842536244628832e+02,1.684820960503021468e+02
3.516844863752780839e+02,1.698813104616055227e+02
3.521847191260933414e+02,1.664585478955482358e+02
3.526849518769085421e+02,1.697730569240453917e+02
3.531851846277237996e+02,1.677550137087118856e+02
3.536854173785390003e+02,1.681082730477220650e+02
3.541856501293542578e+02,1.687220289683080807e+02
3.546858828801694585e+02,1.694095907791540583e+02
3.551861156309846592e+02,1.683016691622063092e+02
3.556863483817999168e+02,1.707023001243042586e+02
3.561865811326151174e+02,1.691070477539959995e+02
3.566868138834303750e+02,1.688878886964770913e+02
3.571870466342455757e+02,1.698307895430763494e+02
3.576872793850607763e+02,1.701488123415638825e+02
3.581875121358760339e+02,1.707300901033178491e+02
3.586877448866912346e+02,1.708637478771765359e+02
3.591879776375064921e+02,1.719439377390515062e+02
3.596882103883216928e+02,1.713065695438723992e+02
3.601884431391368935e+02,1.698085704633581372e+02
3.606886758899521510e+02,1.717947504038318414e+02
3.611889086407673517e+02,1.708446106663666910e+02
3.616891413915826092e+02,1.720997610667196795e+02
3.621893741423978099e+02,1.720927330594620344e+02
3.626896068932130106e+02,1.712435248314421301e+02
3.631898396440282681e+02,1.711290841692868412e+02
3.636900723948434688e+02,1.734401763698106436e+02
3.641903051456587264e+02,1.732018931862803015e+02
3.646905378964739270e+02,1.716706598965346586e+02
3.651907706472891277e+02,1.732835043781875299e+02
3.656910033981043853e+02,1.727536470302667908e+02
3.661912361489195860e+02,1.742773038163920774e+02
3.666914688997348435e+02,1.744321389145760577e+02
3.671917016505500442e+02,1.750339314895731775e+02
3.676919344013652449e+02,1.750716533385140110e+02
3.681921671521805024e+02,1.758652198301643352e+02
3.686923999029957031e+02,1.780225109674565545e+02
3.691926326538109606e+02,1.760914344727936509e+02
3.696928654046261613e+02,1.778367578465127963e+02
3.701930981554413620e+02,1.787689989866248936e+02
3.706933309062566195e+02,1.781121187527718348e+02
3.711935636570718202e+02,1.800773583950723378e+02
3.716937964078870777e+02,1.804867535720837850e+02
3.721940291587022784e+02,1.809421066966874321e+02
3.726942619095175360e+02,1.823133773772121060e+02
3.731944946603327367e+02,1.832386812469838446e+02
3.736947274111479373e+02,1.845940970926766909e+02
3.741949601619631949e+02,1.840842127765338319e+02
3.746951929127783956e+02,1.843025916495290062e+02
3.751954256635935963e+02,1.840560653907416508e+02
3.756956584144088538e+02,1.822891081810937237e+02
3.761958911652240545e+02,1.832510363802087170e+02
3.766961239160393120e+02,1.817688773199541004e+02
3.771963566668545127e+02,1.779236116915430159e+02
3.776965894176697702e+02,1.774752936228151157e+02
3.781968221684849709e+02,1.766580637318994036e+02
3.786970549193001716e+02,1.759933740533046205e+02
3.791972876701154291e+02,1.719219664039366933e+02
3.796975204209306298e+02,1.722155422488452814e+02
3.801977531717458305e+02,1.690862896692452466e+02
3.806979859225610880e+02,1.701996448997756488e+02
3.811982186733762887e+02,1.687098055771101031e+02
3.816984514241915463e+02,1.684206953788286398e+02
3.821986841750067470e+02,1.651805543194992083e+02
3.826989169258220045e+02,1.674441809319287700e+02
3.831991496766372052e+02,1.681946255800703227e+02
3.836993824274524059e+02,1.663323883989509966e+02
3.841996151782676634e+02,1.664614560667001228e+02
3.846998479290828641e+02,1.663938536581572123e+02
3.852000806798980648e+02,1.657077960478558794e+02
3.857003134307133223e+02,1.649748826074967383e+02
3.862005461815285230e+02,1.669744052909518643e+02
3.867007789323437805e+02,1.665019067503674819e+02
3.872010116831589812e+02,1.663748030174112955e+02
3.877012444339742387e+02,1.651723039297908713e+02
3.882014771847894394e+02,1.659389029614529250e+02
3.887017099356046401e+02,1.647762308758278209e+02
3.892019426864198977e+02,1.653626105464184377e+02
3.897021754372350983e+02,1.653375643380431939e+02
3.902024081880502990e+02,1.649387708314867496e+02
3.907026409388655566e+02,1.652521265262920735e+02
3.912028736896807573e+02,1.650596117290218672e+02
3.917031064404960148e+02,1.653664256347340995e+02
3.922033391913112155e+02,1.642784987812424902e+02
3.927035719421264730e+02,1.665492741987113163e+02
3.932038046929416737e+02,1.658493209241455872e+02
3.937040374437568744e+02,1.660203148488623413e+02
3.942042701945721319e+02,1.663557088034955882e+02
3.947045029453873326e+02,1.655653997333050143e+02
3.952047356962025333e+02,1.643119815914028550e+02
3.957049684470177908e+02,1.670414867910930923e+02
3.962052011978329915e+02,1.652497130134344161e+02
3.967054339486482490e+02,1.658400220328972523e+02
3.972056666994634497e+02,1.648941447660154438e+02
3.977058994502787073e+02,1.641349800618794745e+02
3.982061322010939080e+02,1.629971886333465818e+02
3.987063649519091086e+02,1.667759573904965293e+02
3.992065977027243662e+02,1.651836724026862271e+02
3.997068304535395669e+02,1.643691328990861393e+02
4.002070632043547675e+02,1.653028266657905760e+02
4.007072959551700251e+02,1.642026767006070997e+02
4.012075287059852826e+02,1.666950065233058353e+02
4.017077614568004833e+02,1.658507973243642368e+02
4.022079942076156840e+02,1.654759408648733370e+02
4.027082269584309415e+02,1.658154410716912537e+02
4.032084597092461422e+02,1.649800116806249548e+02
4.037086924600613429e+02,1.648543936438815365e+02
4.042089252108766004e+02,1.643435506902805514e+02
4.047091579616918011e+02,1.660206445657655081e+02
4.052093907125070018e+02,1.656725408003120776e+02
4.057096234633222593e+02,1.666578331910504858e+02
4.062098562141375169e+02,1.674625047823137436e+02
4.067100889649527176e+02,1.661618682221795495e+02
4.072103217157679182e+02,1.651879210794114954e+02
4.077105544665831758e+02,1.669948275442858971e+02
4.082107872173983765e+02,1.659326774656608734e+02
4.087110199682135772e+02,1.650811707242511090e+02
4.092112527190288347e+02,1.650395542560281967e+02
4.097114854698440354e+02,1.655196138297831112e+02
4.102117182206592929e+02,1.648312166093281519e+02
4.107119509714744936e+02,1.665993411390212486e+02
4.112121837222897511e+02,1.657089179178447296e+02
4.117124164731049518e+02,1.668936064826852430e+02
4.122126492239201525e+02,1.664539672743782432e+02
4.127128819747354100e+02,1.671335892606213633e+02
4.132131147255506107e+02,1.648597544819611471e+02
4.137133474763658114e+02,1.667962336140576554e+02
4.142135802271810689e+02,1.677172960157564887e+02
4.147138129779962696e+02,1.653244348197090119e+02
4.152140457288115272e+02,1.659393872861380146e+02
4.157142784796267279e+02,1.636486990154358807e+02
4.162145112304419854e+02,1.676220330078801624e+02
4.167147439812571861e+02,1.652280225376385374e+02
4.172149767320723868e+02,1.664098470637561036e+02
4.177152094828876443e+02,1.655574311135129051e+02
4.182154422337028450e+02,1.650393136957935383e+02
4.187156749845180457e+02,1.654576894882470981e+02
4.192159077353333032e+02,1.654842987780443195e+02
4.197161404861485039e+02,1.656536637919892598e+02
4.202163732369637614e+02,1.648565251637356255e+02
4.207166059877789621e+02,1.661116675679838579e+02
4.212168387385942196e+02,1.671065612552656603e+02
4.217170714894094203e+02,1.654412661817117964e+02
4.222173042402246210e+02,1.658985228943289769e+02
4.227175369910398786e+02,1.678987213107616014e+02
4.232177697418550792e+02,1.639741864838381389e+02
4.237180024926702799e+02,1.655458816848019126e+02
4.242182352434855375e+02,1.659418020719903666e+02
4.247184679943007382e+02,1.658539941332017520e+02
4.252187007451159957e+02,1.669843099019506383e+02
4.257189334959311964e+02,1.663081153981403872e+02
4.262191662467464539e+02,1.677560232605589761e+02
4.267193989975616546e+02,1.670244212338987495e+02
4.272196317483768553e+02,1.664773451241240139e+02
4.277198644991921128e+02,1.655988948006853718e+02
4.282200972500073135e+02,1.656748798283130384e+02
4.287203300008225142e+02,1.642890564859226856e+02
4.292205627516377717e+02,1.657912926903124742e+02
4.297207955024529724e+02,1.645828696031288416e+02
4.302210282532682299e+02,1.665535967288311952e+02
4.307212610040834306e+02,1.654039315519901265e+02
4.312214937548986882e+02,1.673655081355881293e+02
4.317217265057138889e+02,1.665959164628182521e+02
4.322219592565290895e+02,1.672451077001691999e+02
4.327221920073443471e+02,1.664092357391168093e+02
4.332224247581595478e+02,1.656922276767919584e+02
4.337226575089747485e+02,1.681833284114726155e+02
4.342228902597900060e+02,1.669016008259247315e+02
4.347231230106052067e+02,1.661792549167429343e+02
4.352233557614204642e+02,1.662456037926878309e+02
4.357235885122356649e+02,1.667935042914246822e+02
4.362238212630509224e+02,1.660579534804730031e+02
4.367240540138661231e+02,1.658506412356312012e+02
4.372242867646813238e+02,1.659909857109342681e+02
4.377245195154965813e+02,1.658669167959212984e+02
4.382247522663117820e+02,1.666925545154083466e+02
4.387249850171269827e+02,1.659896939694449713e+02
4.392252177679422402e+02,1.655740660620528786e+02
4.397254505187574409e+02,1.667508865482056137e+02
4.402256832695726985e+02,1.656760640664453206e+02
4.407259160203878992e+02,1.662281234659921267e+02
4.412261487712031567e+02,1.660148555731961721e+02
4.417263815220183574e+02,1.648108443171737179e+02
4.422266142728335581e+02,1.663526011425177842e+02
4.427268470236488156e+02,1.664663127888510417e+02
4.432270797744640163e+02,1.679561578462545413e+02
4.437273125252792170e+02,1.664421297072115067e+02
4.442275452760944745e+02,1.665919515070977184e+02
4.447277780269097320e+02,1.663682902627965632e+02
4.452280107777249327e+02,1.672572883125633894e+02
4.457282435285401334e+02,1.656010432185342722e+02
4.462284762793553909e+02,1.653389000371315376e+02
4.467287090301705916e+02,1.664236070059291137e+02
4.472289417809857923e+02,1.662386078276616104e+02
4.477291745318010499e+02,1.647522738862585072e+02
4.482294072826162505e+02,1.643289308875113477e+02
4.487296400334314512e+02,1.669505582554308774e+02
4.492298727842467088e+02,1.661474055509813468e+02
4.497301055350619663e+02,1.673338189035284529e+02
4.502303382858771670e+02,1.674932681208588860e+02
4.507305710366923677e+02,1.679602664889814605e+02
4.512308037875076252e+02,1.668647767023610982e+02
4.517310365383228259e+02,1.652623808611910761e+02
4.522312692891380266e+02,1.674614457532945266e+02
4.527315020399532841e+02,1.658363163095642676e+02
4.532317347907684848e+02,1.663133778759694792e+02
4.537319675415836855e+02,1.659950344623681531e+02
4.542322002923989430e+02,1.677641000299939833e+02
4.547324330432142006e+02,1.661067188069895053e+02
4.552326657940294012e+02,1.670699730665191112e+02
4.557328985448446019e+02,1.656095739985520083e+02
4.562331312956598595e+02,1.670034802648954724e+02
4.567333640464750601e+02,1.670140391176287551e+02
4.572335967972902608e+02,1.661947886586576715e+02
4.577338295481055184e+02,1.667273787015600135e+02
4.582340622989207759e+02,1.665253728157322257e+02
4.587342950497359197e+02,1.671436502497263632e+02
4.592345278005511773e+02,1.662977334163513206e+02
4.597347605513664348e+02,1.655111334208951632e+02
4.602349933021816355e+02,1.645058574452674236e+02
4.607352260529968362e+02,1.674291783118841863e+02
4.612354588038120937e+02,1.654136717193766799e+02
4.617356915546272944e+02,1.662602758860637664e+02
4.622359243054424951e+02,1.678127325601060420e+02
4.627361570562577526e+02,1.675928296418482830e+02
4.632363898070730102e+02,1.664394226894307565e+02
4.637366225578881540e+02,1.646531561089933859e+02
4.642368553087034115e+02,1.660155038794754034e+02
4.647370880595186691e+02,1.653619975971766110e+02
4.652373208103338698e+02,1.658743523390040480e+02
4.657375535611490704e+02,1.652797966396965705e+02
4.662377863119643280e+02,1.664138698279121229e+02
4.667380190627795287e+02,1.680311028823352331e+02
4.672382518135947294e+02,1.657581778569095263e+02
4.677384845644099869e+02,1.677451266039294069e+02
4.682387173152252444e+02,1.668198358465544970e+02
4.687389500660403883e+02,1.659907333600979769e+02
4.692391828168556458e+02,1.658356750553058419e+02
4.697394155676709033e+02,1.645416206964088701e+02
4.702396483184861040e+02,1.685212365959238525e+02
4.707398810693013047e+02,1.671414976610060137e+02
4.712401138201165622e+02,1.659433310704411326e+02
4.717403465709317629e+02,1.667516326611665818e+02
4.722405793217469636e+02,1.659824938358620443e+02
4.727408120725622211e+02,1.666355756832431609e+02
4.732410448233774787e+02,1.683153402494256738e+02
4.737412775741926225e+02,1.682206246467292203e+02
4.742415103250078801e+02,1.667325710489785138e+02
4.747417430758231376e+02,1.656660462736381021e+02
4.752419758266383383e+02,1.673003708500700384e+02
4.757422085774535390e+02,1.670296753209597682e+02
4.762424413282687965e+02,1.657961888413374822e+02
4.767426740790839972e+02,1.647743379627572153e+02
4.772429068298991979e+02,1.671992765163866466e+02
4.777431395807144554e+02,1.677491310703470901e+02
4.782433723315297129e+02,1.695090451782948833e+02
4.787436050823449136e+02,1.658235262301853083e+02
4.792438378331601143e+02,1.660262821767332184e+02
4.797440705839753718e+02,1.672103677817443668e+02
4.802443033347905725e+02,1.659620618005194217e+02
4.807445360856057732e+02,1.668308692645755684e+02
4.812447688364210308e+02,1.677967054811597620e+02
4.817450015872362314e+02,1.662931319095035860e+02
4.822452343380514321e+02,1.656029127946302140e+02
4.827454670888666897e+02,1.676809369677172299e+02
4.832456998396819472e+02,1.678782493437504968e+02
4.837459325904971479e+02,1.668546016568440962e+02
4.842461653413123486e+02,1.672441666205538127e+02
4.847463980921276061e+02,1.650220319736562260e+02
4.852466308429428068e+02,1.678625611143010872e+02
4.857468635937580075e+02,1.678995755955044444e+02
4.862470963445732650e+02,1.664369227907247364e+02
4.867473290953884657e+02,1.661426631667205811e+02
4.872475618462036664e+02,1.680946005446526783e+02
4.877477945970189239e+02,1.662269167416654057e+02
4.882480273478341815e+02,1.662430263500492345e+02
4.887482600986493821e+02,1.682773743158420530e+02
4.892484928494645828e+02,1.676006514402008065e+02
4.897487256002798404e+02,1.667623622977850459e+02
4.902489583510950411e+02,1.657753193473230908e+02
4.907491911019102417e+02,1.667388327414720948e+02
4.912494238527254993e+02,1.666184038891065313e+02
4.917496566035407000e+02,1.668852088502906952e+02
4.922498893543559007e+02,1.666344635714826268e+02
4.927501221051711582e+02,1.674399717687375642e+02
4.932503548559864157e+02,1.673350522970813188e+02
4.937505876068016164e+02,1.683714190438211915e+02
4.942508203576168171e+02,1.658348676793599736e+02
4.947510531084320746e+02,1.664183992457564045e+02
4.952512858592472753e+02,1.656517955646587836e+02
4.957515186100624760e+02,1.666187915778627655e+02
4.962517513608777335e+02,1.673296539005599470e+02
4.967519841116929342e+02,1.678339334792586328e+02
4.972522168625081349e+02,1.670831708177200312e+02
4.977524496133233924e+02,1.661741667917914924e+02
4.982526823641386500e+02,1.672467222327944967e+02
4.987529151149538507e+02,1.672982873838818136e+02
4.992531478657690514e+02,1.673807418934306384e+02
4.997533806165843089e+02,1.672837878534079437e+02
5.002536133673995096e+02,1.650670768751699882e+02
5.007538461182147103e+02,1.666178439870345187e+02
5.012540788690299678e+02,1.677327633128269895e+02
5.017543116198452253e+02,1.652415565643240711e+02
5.022545443706603692e+02,1.671526403031071482e+02
5.027547771214756267e+02,1.665303422547090406e+02
5.032550098722908842e+02,1.673745299289555817e+02
5.037552426231060849e+02,1.670111830716483325e+02
5.042554753739212856e+02,1.653391938861337849e+02
5.047557081247365431e+02,1.672343696564603874e+02
5.052559408755517438e+02,1.647529739758302298e+02
5.057561736263669445e+02,1.670926700082067669e+02
5.062564063771822020e+02,1.673605078416055676e+02
5.067566391279974596e+02,1.658977016331642176e+02
5.072568718788126034e+02,1.680343919860954145e+02
5.077571046296278610e+02,1.667644108772850018e+02
5.082573373804431185e+02,1.689145014981921236e+02
5.087575701312583192e+02,1.662639196542183981e+02
5.092578028820735199e+02,1.671088804883245302e+02
5.097580356328887774e+02,1.676519358939206654e+02
5.102582683837039781e+02,1.673134058305400060e+02
5.107585011345191788e+02,1.678319821149993061e+02
5.112587338853344363e+02,1.656669565482685584e+02
5.117589666361496938e+02,1.678172758911981362e+02
5.122591993869648377e+02,1.675121672734036622e+02
5.127594321377800952e+02,1.669910769615703998e+02
5.132596648885953527e+02,1.681414453808091594e+02
5.137598976394106103e+02,1.672295831294434834e+02
5.142601303902257541e+02,1.666455173739883548e+02
5.147603631410410117e+02,1.666804795297577471e+02
5.152605958918561555e+02,1.666190194477468651e+02
5.157608286426714130e+02,1.680295630188589655e+02
5.162610613934866706e+02,1.649334020142788972e+02
5.167612941443019281e+02,1.664757333904113352e+02
5.172615268951170719e+02,1.688241800795124732e+02
5.177617596459323295e+02,1.665147720992546851e+02
5.182619923967475870e+02,1.674571260674072164e+02
5.187622251475627309e+02,1.663606006015656931e+02
5.192624578983779884e+02,1.670285605094290986e+02
5.197626906491932459e+02,1.676638796847993547e+02
5.202629234000085034e+02,1.676057100582011117e+02
5.207631561508236473e+02,1.651932964249351983e+02
5.212633889016389048e+02,1.672047142139385585e+02
5.217636216524541624e+02,1.653518316845546110e+02
5.222638544032693062e+02,1.677142444069425267e+02
5.227640871540845637e+02,1.666079777773828141e+02
5.232643199048998213e+02,1.656407414034623002e+02
5.237645526557150788e+02,1.664617468746346560e+02
5.242647854065302226e+02,1.669324496262197499e+02
5.247650181573454802e+02,1.683901037521831370e+02
5.252652509081606240e+02,1.662392607143584371e+02
5.257654836589758816e+02,1.692792024362002792e+02
5.262657164097911391e+02,1.659319627002751929e+02
5.267659491606063966e+02,1.658601462213715649e+02
5.272661819114216541e+02,1.667314550675056068e+02
5.277664146622367980e+02,1.665343442728013201e+02
5.282666474130520555e+02,1.670809771724982511e+02
5.287668801638671994e+02,1.674771305903137772e+02
5.292671129146824569e+02,1.678636516877826921e+02
5.297673456654977144e+02,1.679275589110698661e+02
5.302675784163129720e+02,1.678982435362553360e+02
5.307678111671281158e+02,1.661254572910702620e+02
5.312680439179433733e+02,1.678930346935534033e+02
5.317682766687586309e+02,1.676321210368245715e+02
5.322685094195737747e+02,1.681305381729985413e+02
5.327687421703890323e+02,1.672600715100028594e+02
5.332689749212042898e+02,1.678310949540414185e+02
5.337692076720195473e+02,1.674996671104952952e+02
5.342694404228346912e+02,1.678089147911940984e+02
5.347696731736499487e+02,1.657482846727351955e+02
5.352699059244650925e+02,1.675815027643779160e+02
5.357701386752803501e+02,1.663467227973846718e+02
5.362703714260956076e+02,1.664531714289215927e+02
5.367706041769108651e+02,1.662342706213219685e+02
5.372708369277261227e+02,1.680743102267584277e+02
5.377710696785412665e+02,1.664396282079004834e+02
5.382713024293565240e+02,1.668413788547235299e+02
5.387715351801716679e+02,1.674727710777601999e+02
5.392717679309869254e+02,1.669091118084036509e+02
5.397720006818021830e+02,1.677256096905001641e+02
5.402722334326174405e+02,1.669874523206998731e+02
5.407724661834325843e+02,1.673782709488637011e+02
5.412726989342478419e+02,1.678456602140755649e+02
5.417729316850630994e+02,1.660570965508468930e+02
5.422731644358782432e+02,1.676162508622298617e+02
5.427733971866935008e+02,1.668712175407348752e+02
5.432736299375087583e+02,1.670757842177989119e+02
5.437738626883240158e+02,1.684197989256491326e+02
5.442740954391391597e+02,1.673419144933008340e+02
5.447743281899544172e+02,1.659979267539100931e+02
5.452745609407696747e+02,1.668207022325565276e+02
5.457747936915848186e+02,1.675320433847318213e+02
5.462750264424000761e+02,1.682871990748053292e+02
5.467752591932153337e+02,1.671956700713732573e+02
5.472754919440305912e+02,1.672338139044517220e+02
5.477757246948457350e+02,1.680265309625075645e+02
5.482759574456609926e+02,1.669170478113030356e+02
5.487761901964761364e+02,1.673588788690281035e+02
5.492764229472913939e+02,1.667428096396064632e+02
5.497766556981066515e+02,1.677766994106110019e+02
5.502768884489219090e+02,1.668575642151273257e+02
5.507771211997370528e+02,1.657250914179085726e+02
5.512773539505523104e+02,1.673873280328399176e+02
5.517775867013675679e+02,1.682378365507131264e+02
5.522778194521827118e+02,1.648059638321831528e+02
5.527780522029979693e+02,1.684564942868113349e+02
5.532782849538132268e+02,1.671605131432105225e+02
5.537785177046284844e+02,1.675964693975345767e+02
5.542787504554436282e+02,1.677418324463307044e+02
5.547789832062588857e+02,1.674320435539689527e+02
5.552792159570741433e+02,1.673364965550693739e+02
5.557794487078892871e+02,1.670129335848652943e+02
5.562796814587045446e+02,1.675712604615618773e+02
5.567799142095198022e+02,1.687850817654145317e+02
5.572801469603350597e+02,1.661418748131744962e+02
5.577803797111502035e+02,1.677654664533520474e+02
5.582806124619654611e+02,1.654619396852627347e+02
5.587808452127806049e+02,1.663803284322069658e+02
5.592810779635958625e+02,1.677282090857930541e+02
5.597813107144111200e+02,1.673277309004004962e+02
5.602815434652263775e+02,1.674717139531086332e+02
5.607817762160415214e+02,1.664964646634082328e+02
5.612820089668567789e+02,1.665208288806486792e+02
5.617822417176720364e+02,1.692556567381861896e+02
5.622824744684871803e+02,1.687253812208618342e+02
5.627827072193024378e+02,1.661479788019331352e+02
5.632829399701176953e+02,1.685034057740266178e+02
5.637831727209329529e+02,1.680204044704526609e+02
5.642834054717480967e+02,1.666909541387916818e+02
5.647836382225633542e+02,1.678849010350071467e+02
5.652838709733786118e+02,1.669748935557976779e+02
5.657841037241937556e+02,1.663695413150909417e+02
5.662843364750090132e+02,1.694252201450797486e+02
5.667845692258242707e+02,1.665634001608320034e+02
5.672848019766395282e+02,1.669638582032659713e+02
5.677850347274546721e+02,1.683847434427476628e+02
5.682852674782699296e+02,1.677740545149104605e+02
5.687855002290850734e+02,1.675285442413117778e+02
5.692857329799003310e+02,1.671047522755941941e+02
5.697859657307155885e+02,1.662388131830817599e+02
5.702861984815308460e+02,1.657858414997753016e+02
5.707864312323461036e+02,1.655930818840654410e+02
5.712866639831612474e+02,1.674006865428214894e+02
5.717868967339765049e+02,1.676558759858410497e+02
5.722871294847916488e+02,1.677385647780546662e+02
5.727873622356069063e+02,1.669859624882821834e+02
5.732875949864221639e+02,1.685190158565325476e+02
5.737878277372374214e+02,1.690330771950703763e+02
5.742880604880525652e+02,1.673959180017944277e+02
5.747882932388678228e+02,1.660645254588936552e+02
5.752885259896829666e+02,1.679066701780889730e+02
5.757887587404982241e+02,1.672829272610993883e+02
5.762889914913134817e+02,1.665107958924365619e+02
5.767892242421287392e+02,1.687747600238371888e+02
5.772894569929439967e+02,1.672711206274971119e+02
5.777896897437591406e+02,1.672941183945351895e+02
5.782899224945743981e+02,1.667168920000592891e+02
5.787901552453895420e+02,1.694307507239828396e+02
5.792903879962047995e+02,1.668361382319941697e+02
5.797906207470200570e+02,1.695528607949258060e+02
5.802908534978353146e+02,1.665890884305957229e+02
5.807910862486505721e+02,1.677248538658677717e+02
5.812913189994657159e+02,1.662652639618962098e+02
5.817915517502809735e+02,1.678711848921797696e+02
5.822917845010961173e+02,1.675921057818044630e+02
5.827920172519113748e+02,1.679687871094679679e+02
5.832922500027266324e+02,1.688931888344698393e+02
5.837924827535418899e+02,1.683858320552457712e+02
5.842927155043571474e+02,1.685487067813089936e+02
5.847929482551722913e+02,1.683500902472088399e+02
5.852931810059874351e+02,1.699834336276279032e+02
5.857934137568026927e+02,1.663566681669446723e+02
5.862936465076179502e+02,1.671334285093028598e+02
5.867938792584332077e+02,1.672486654221629010e+02
5.872941120092484653e+02,1.656696297755249248e+02
5.877943447600636091e+02,1.664611470276311991e+02
5.882945775108788666e+02,1.666015082561492591e+02
5.887948102616940105e+02,1.672271723303912268e+02
5.892950430125092680e+02,1.668587756470611225e+02
5.897952757633245255e+02,1.678200605367309777e+02
5.902955085141397831e+02,1.679238122012437202e+02
5.907957412649550406e+02,1.678203937918976294e+02
5.912959740157701845e+02,1.687460134727963066e+02
5.917962067665854420e+02,1.670760349653326102e+02
5.922964395174005858e+02,1.669828299352092245e+02
5.927966722682158434e+02,1.662546844474041166e+02
5.932969050190311009e+02,1.674981434379559744e+02
5.937971377698463584e+02,1.682283599917503523e+02
5.942973705206616160e+02,1.669510047641701362e+02
5.947976032714767598e+02,1.663674294083307643e+02
5.952978360222919036e+02,1.681882928596160980e+02
5.957980687731071612e+02,1.677049000651896051e+02
5.962983015239224187e+02,1.662446825095195493e+02
5.967985342747376762e+02,1.672894338335890723e+02
5.972987670255529338e+02,1.671907858868439973e+02
5.977989997763681913e+02,1.677805025724100005e+02
5.982992325271833352e+02,1.666720597781579158e+02
5.987994652779984790e+02,1.674684059365328608e+02
5.992996980288137365e+02,1.671488054524716631e+02
5.997999307796289941e+02,1.680647523096077407e+02
6.003001635304442516e+02,1.677098562081168325e+02
6.008003962812595091e+02,1.675784432760861193e+02
6.013006290320746530e+02,1.662874128855884805e+02
6.018008617828899105e+02,1.669389822181453269e+02
6.023010945337050543e+02,1.672746981247119891e+02
6.028013272845203119e+02,1.669906326434546600e+02
6.033015600353355694e+02,1.677584950450734311e+02
6.038017927861508269e+02,1.688745792893202804e+02
6.043020255369660845e+02,1.681572408360024440e+02
6.048022582877812283e+02,1.679709057380638626e+02
6.053024910385964859e+02,1.671327056895279668e+02
6.058027237894116297e+02,1.680918967875091425e+02
6.063029565402268872e+02,1.660124813028930362e+02
6.068031892910421448e+02,1.689183284464745611e+02
6.073034220418574023e+02,1.685151904303668573e+02
6.078036547926726598e+02,1.685430434703673654e+02
6.083038875434878037e+02,1.696643341361216812e+02
6.088041202943029475e+02,1.689113169066603461e+02
6.093043530451182050e+02,1.671188262564915306e+02
6.098045857959334626e+02,1.682820438967166012e+02
6.103048185467487201e+02,1.668128890045275909e+02
6.108050512975639776e+02,1.689694346534523106e+02
6.113052840483791215e+02,1.677964786452023986e+02
6.118055167991943790e+02,1.674860929176316517e+02
6.123057495500095229e+02,1.684501625478218045e+02
6.128059823008247804e+02,1.685314451574459156e+02
6.133062150516400379e+02,1.678972864867397448e+02
6.138064478024552955e+02,1.678588174455076683e+02
6.143066805532705530e+02,1.676217749949283018e+02
6.148069133040856968e+02,1.669075309095968294e+02
6.153071460549009544e+02,1.702811040922439076e+02
6.158073788057160982e+02,1.677983824566979365e+02
6.163076115565313557e+02,1.680630088517864067e+02
6.168078443073466133e+02,1.671937853457708911e+02
6.173080770581618708e+02,1.666291341852037817e+02
6.178083098089771283e+02,1.680227714731810806e+02
6.183085425597922722e+02,1.674850581343215197e+02
6.188087753106074160e+02,1.675809494010536866e+02
6.193090080614226736e+02,1.676650540931733815e+02
6.198092408122379311e+02,1.676319723415604983e+02
6.203094735630531886e+02,1.678967211123357401e+02
6.208097063138684462e+02,1.674265035438120890e+02
6.213099390646835900e+02,1.690694475641771817e+02
6.218101718154988475e+02,1.675682131978304881e+02
6.223104045663139914e+02,1.681672177446681928e+02
6.228106373171292489e+02,1.672829736588504375e+02
6.233108700679445064e+02,1.701467571655403788e+02
6.238111028187597640e+02,1.685504671194836703e+02
6.243113355695750215e+02,1.675544101515049533e+02
6.248115683203901654e+02,1.677230968183003768e+02
6.253118010712054229e+02,1.687968304087051479e+02
6.258120338220205667e+02,1.683810043426529148e+02
6.263122665728358243e+02,1.664428593347625167e+02
6.268124993236510818e+02,1.681346417922356125e+02
6.273127320744663393e+02,1.675938437700282577e+02
6.278129648252815969e+02,1.679799114365698927e+02
6.283131975760967407e+02,1.687558878252093564e+02
6.288134303269118845e+02,1.674952451576793067e+02
6.293136630777271421e+02,1.677406996101794050e+02
6.298138958285423996e+02,1.678399512236218527e+02
6.303141285793576571e+02,1.683577860357468978e+02
6.308143613301729147e+02,1.669852388540791424e+02
6.313145940809880585e+02,1.671570117268073545e+02
6.318148268318033161e+02,1.692139195416106361e+02
6.323150595826184599e+02,1.672393215370694577e+02
6.328152923334337174e+02,1.701539873771418456e+02
6.333155250842489750e+02,1.668948099632626736e+02
6.338157578350642325e+02,1.673283370122787233e+02
6.343159905858794900e+02,1.688068382932325733e+02
6.348162233366946339e+02,1.675401444420830330e+02
6.353164560875098914e+02,1.678880566379004904e+02
6.358166888383250352e+02,1.682868495569951506e+02
6.363169215891402928e+02,1.668669509656929790e+02
6.368171543399555503e+02,1.676893896035242619e+02
6.373173870907708078e+02,1.689885346237284125e+02
6.378176198415860654e+02,1.677659055256929150e+02
6.383178525924012092e+02,1.675302568300704422e+02
6.388180853432164668e+02,1.670643314553827565e+02
6.393183180940316106e+02,1.670328954022115511e+02
6.398185508448468681e+02,1.686704518785073503e+02
6.403187835956621257e+02,1.679723367186557255e+02
6.408190163464773832e+02,1.671587705736751275e+02
6.413192490972926407e+02,1.672192533167658439e+02
6.418194818481077846e+02,1.683371134974934193e+02
6.423197145989229284e+02,1.684869432296635523e+02
6.428199473497381859e+02,1.672087171066760334e+02
6.433201801005534435e+02,1.672810740562346723e+02
6.438204128513687010e+02,1.701718683450100684e+02
6.443206456021839585e+02,1.682064062491681966e+02
6.448208783529991024e+02,1.672599404423892224e+02
6.453211111038143599e+02,1.699548358129758299e+02
6.458213438546295038e+02,1.694819982258011350e+02
6.463215766054447613e+02,1.693322982917141815e+02
6.468218093562600188e+02,1.681311938047537353e+02
6.473220421070752764e+02,1.682948722050640527e+02
6.478222748578905339e+02,1.682733802239696672e+02
6.483225076087056777e+02,1.687808731010096324e+02
6.488227403595209353e+02,1.709189510085596169e+02
6.493229731103360791e+02,1.672255161306296714e+02
6.498232058611513366e+02,1.682839216465762036e+02
6.503234386119665942e+02,1.681853432582311711e+02
6.508236713627818517e+02,1.674993743418744714e+02
6.513239041135971092e+02,1.667236257199660940e+02
6.518241368644122531e+02,1.680850394580828038e+02
6.523243696152273969e+02,1.683747075627499044e+02
6.528246023660426545e+02,1.680985494036112868e+02
6.533248351168579120e+02,1.691038586497728033e+02
6.538250678676731695e+02,1.666965597103512096e+02
6.543253006184884271e+02,1.697764788161241825e+02
6.548255333693035709e+02,1.682898266357874775e+02
6.553257661201188284e+02,1.678337049921965161e+02
6.558259988709339723e+02,1.681884127060316985e+02
6.563262316217492298e+02,1.694887758523765342e+02
6.568264643725644873e+02,1.690181156778784271e+02
6.573266971233797449e+02,1.680153876304529206e+02
6.578269298741950024e+02,1.679220980480701542e+02
6.583271626250101463e+02,1.680473788020102290e+02
6.588273953758254038e+02,1.670902329783143330e+02
6.593276281266405476e+02,1.699241315764479623e+02
6.598278608774558052e+02,1.679284506181620316e+02
6.603280936282710627e+02,1.675303057476947970e+02
6.608283263790863202e+02,1.679906422559352563e+02
6.613285591299015778e+02,1.672716479828363276e+02
6.618287918807167216e+02,1.684792018451987587e+02
6.623290246315318655e+02,1.674326643184384409e+02
6.628292573823471230e+02,1.687025812619488647e+02
6.633294901331623805e+02,1.679025431117398170e+02
6.638297228839776380e+02,1.678163981118969161e+02
6.643299556347928956e+02,1.690156085505757346e+02
6.648301883856080394e+02,1.688923317977813383e+02
6.653304211364232970e+02,1.681505143444481973e+02
6.658306538872384408e+02,1.664921054307638144e+02
6.663308866380536983e+02,1.693121981882950422e+02
6.668311193888689559e+02,1.687729033709996713e+02
6.673313521396842134e+02,1.683110353113492295e+02
6.678315848904994709e+02,1.672187954641334784e+02
6.683318176413146148e+02,1.689901085471798012e+02
6.688320503921298723e+02,1.672751148344784156e+02
6.693322831429450162e+02,1.698343549409961781e+02
6.698325158937602737e+02,1.668659806725185604e+02
6.703327486445755312e+02,1.681905519040131765e+02
6.708329813953907887e+02,1.676700746267528643e+02
6.713332141462060463e+02,1.692840862347471500e+02
6.718334468970211901e+02,1.682205890383015969e+02
6.723336796478363340e+02,1.688546176713751095e+02
6.728339123986515915e+02,1.684490264334333176e+02
6.733341451494668490e+02,1.683804995749391651e+02
6.738343779002821066e+02,1.689543875543022864e+02
6.743346106510973641e+02,1.694659997345425495e+02
6.748348434019125079e+02,1.684721488432170418e+02
6.753350761527277655e+02,1.685543117636053978e+02
6.758353089035429093e+02,1.685937137718372014e+02
6.763355416543581669e+02,1.674806305901141457e+02
6.768357744051734244e+02,1.679158743687935100e+02
6.773360071559886819e+02,1.690829021096495524e+02
6.778362399068039394e+02,1.680670810898123193e+02
6.783364726576190833e+02,1.671577883805014153e+02
6.788367054084343408e+02,1.688201065045618918e+02
6.793369381592494847e+02,1.682242130784463541e+02
6.798371709100647422e+02,1.684391363692320454e+02
6.803374036608799997e+02,1.696586454701728144e+02
6.808376364116952573e+02,1.702618176655578850e+02
6.813378691625105148e+02,1.692804434692514235e+02
6.818381019133256586e+02,1.671863885881225258e+02
6.823383346641409162e+02,1.693770116927028369e+02
6.828385674149560600e+02,1.687788695733084410e+02
6.833388001657713176e+02,1.675741890805968524e+02
6.838390329165865751e+02,1.682677925942340948e+02
6.843392656674018326e+02,1.677787925076218869e+02
6.848394984182170901e+02,1.686603437536610102e+02
6.853397311690322340e+02,1.701478913491339711e+02
6.858399639198473778e+02,1.673988018290949071e+02
6.863401966706626354e+02,1.690415441804578620e+02
6.868404294214778929e+02,1.699605111330284899e+02
6.873406621722931504e+02,1.698310607859859260e+02
6.878408949231084080e+02,1.678489194567878258e+02
6.883411276739235518e+02,1.692307880788442844e+02
6.888413604247388093e+02,1.680363248475121623e+02
6.893415931755539532e+02,1.698633614347321270e+02
6.898418259263692107e+02,1.695519455416863650e+02
6.903420586771844683e+02,1.687769726823801761e+02
6.908422914279997258e+02,1.698342216024184665e+02
6.913425241788149833e+02,1.699447341055197001e+02
6.918427569296301272e+02,1.698090994146991477e+02
6.923429896804453847e+02,1.677993016556162047e+02
6.928432224312605285e+02,1.681422694067599366e+02
6.933434551820757861e+02,1.692706069062513166e+02
6.938436879328910436e+02,1.706745341058996530e+02
6.943439206837063011e+02,1.696430112331895543e+02
6.948441534345215587e+02,1.683371044786787536e+02
6.953443861853367025e+02,1.684882685309821397e+02
6.958446189361518464e+02,1.663835712327847602e+02
6.963448516869671039e+02,1.701211938794579055e+02
6.968450844377823614e+02,1.693968392808463079e+02
6.973453171885976190e+02,1.690040838523314903e+02
6.978455499394128765e+02,1.696283023502875551e+02
6.983457826902280203e+02,1.706307070998680899e+02
6.988460154410432779e+02,1.684610470885949098e+02
6.993462481918584217e+02,1.682659773395378124e+02
6.998464809426736792e+02,1.701346059623140832e+02
7.003467136934889368e+02,1.708330413678971809e+02
7.008469464443041943e+02,1.702412476676712743e+02
7.013471791951194518e+02,1.676217124762797255e+02
7.018474119459345957e+02,1.680834050779835991e+02
7.023476446967498532e+02,1.688903769890456772e+02
7.028478774475649971e+02,1.696718549202734607e+02
7.033481101983802546e+02,1.703064030072877983e+02
7.038483429491955121e+02,1.706415033163188184e+02
7.043485757000107697e+02,1.671350303270550626e+02
7.048488084508260272e+02,1.683834269496717866e+02
7.053490412016411710e+02,1.699068306918018436e+02
7.058492739524563149e+02,1.691683108463236636e+02
7.063495067032715724e+02,1.697340419966714364e+02
7.068497394540868299e+02,1.673771580494325804e+02
7.073499722049020875e+02,1.694558308709054870e+02
7.078502049557173450e+02,1.692400173875857945e+02
7.083504377065324888e+02,1.709447222943535678e+02
7.088506704573477464e+02,1.693171271181903137e+02
7.093509032081628902e+02,1.693089906421671742e+02
7.098511359589781478e+02,1.705616548660213425e+02
7.103513687097934053e+02,1.683838807764709600e+02
7.108516014606086628e+02,1.698762592619761733e+02
7.113518342114239204e+02,1.705194918461720022e+02
7.118520669622390642e+02,1.695726358675563006e+02
7.123522997130543217e+02,1.690508355790720714e+02
7.128525324638694656e+02,1.689403586193055844e+02
7.133527652146847231e+02,1.709955990895595619e+02
7.138529979654999806e+02,1.688294080153690402e+02
7.143532307163152382e+02,1.692125199437031711e+02
7.148534634671304957e+02,1.691184061526300582e+02
7.153536962179456395e+02,1.707923643476735833e+02
7.158539289687607834e+02,1.685346853261703473e+02
7.163541617195760409e+02,1.710183585935395740e+02
7.168543944703912985e+02,1.676901896411782786e+02
7.173546272212065560e+02,1.681825568987846964e+02
7.178548599720218135e+02,1.705604248692570764e+02
7.183550927228369574e+02,1.700070308006621644e+02
7.188553254736522149e+02,1.704910598162558699e+02
7.193555582244673587e+02,1.690828906687276572e+02
7.198557909752826163e+02,1.704611001264651975e+02
7.203560237260978738e+02,1.689276793797101277e+02
7.208562564769131313e+02,1.685630541854371813e+02
7.213564892277283889e+02,1.713631095417912320e+02
7.218567219785435327e+02,1.697701432035730136e+02
7.223569547293587902e+02,1.693823627191243872e+02
7.228571874801739341e+02,1.674759396594830321e+02
7.233574202309891916e+02,1.705541859502880015e+02
7.238576529818044492e+02,1.693130166527523954e+02
7.243578857326197067e+02,1.695914602819261177e+02
7.248581184834349642e+02,1.714062297870771943e+02
7.253583512342501081e+02,1.693857902535165749e+02
7.258585839850653656e+02,1.708875082972694770e+02
7.263588167358805094e+02,1.694212106809841316e+02
7.268590494866957670e+02,1.705186712992541800e+02
7.273592822375110245e+02,1.708028903113466868e+02
7.278595149883262820e+02,1.712727976652824111e+02
7.283597477391415396e+02,1.695300637804814130e+02
7.288599804899566834e+02,1.696726809625292560e+02
7.293602132407718273e+02,1.706815612743636450e+02
7.298604459915870848e+02,1.717220506137045959e+02
7.303606787424023423e+02,1.699615785782225146e+02
7.308609114932175999e+02,1.709092381950112838e+02
7.313611442440328574e+02,1.700758372512964911e+02
7.318613769948480012e+02,1.701524420269390987e+02
7.323616097456632588e+02,1.697980252507198031e+02
7.328618424964784026e+02,1.710266739214391123e+02
7.333620752472936601e+02,1.695132528407445420e+02
7.338623079981089177e+02,1.699671670614015397e+02
7.343625407489241752e+02,1.713548390690822885e+02
7.348627734997394327e+02,1.719180587909511928e+02
7.353630062505545766e+02,1.689354296874015233e+02
7.358632390013698341e+02,1.695990396399498366e+02
7.363634717521849780e+02,1.709506668771522300e+02
7.368637045030002355e+02,1.700152133292154986e+02
7.373639372538154930e+02,1.711141617890013720e+02
7.378641700046307506e+02,1.688663774861675506e+02
7.383644027554460081e+02,1.705455427345628152e+02
7.388646355062611519e+02,1.727629388509217279e+02
7.393648682570762958e+02,1.711949644924128506e+02
7.398651010078915533e+02,1.723840196183629700e+02
7.403653337587068108e+02,1.707481876244522994e+02
7.408655665095220684e+02,1.700938709054465221e+02
7.413657992603373259e+02,1.723288623191258466e+02
7.418660320111524697e+02,1.713535912398792789e+02
7.423662647619677273e+02,1.715659660402189672e+02
7.428664975127828711e+02,1.697446158458765524e+02
7.433667302635981287e+02,1.718321610747372290e+02
7.438669630144133862e+02,1.715980198217789905e+02
7.443671957652286437e+02,1.711660892869967086e+02
7.448674285160439013e+02,1.698469540402802522e+02
7.453676612668590451e+02,1.713874138063037265e+02
7.458678940176743026e+02,1.704436801849779499e+02
7.463681267684894465e+02,1.710481340119192737e+02
7.468683595193047040e+02,1.714250924094346544e+02
7.473685922701199615e+02,1.723723985369422564e+02
7.478688250209352191e+02,1.711641884220466068e+02
7.483690577717504766e+02,1.704970858245530962e+02
7.488692905225656204e+02,1.710018817811360350e+02
7.493695232733807643e+02,1.715591114356336107e+02
7.498697560241960218e+02,1.719221057918153690e+02
7.503699887750112794e+02,1.721147714337086541e+02
7.508702215258265369e+02,1.719822160691063004e+02
7.513704542766417944e+02,1.712841469883561842e+02
7.518706870274569383e+02,1.711726475097103446e+02
7.523709197782721958e+02,1.732448193843434865e+02
7.528711525290873396e+02,1.711124997983280593e+02
7.533713852799025972e+02,1.728013472328933346e+02
7.538716180307178547e+02,1.713971223457849931e+02
7.543718507815331122e+02,1.714861267143459145e+02
7.548720835323483698e+02,1.723951121725544056e+02
7.553723162831635136e+02,1.730897833952612075e+02
7.558725490339787711e+02,1.715122109533782861e+02
7.563727817847939150e+02,1.732384725968294390e+02
7.568730145356091725e+02,1.735799879665682397e+02
7.573732472864244301e+02,1.719400107211457964e+02
7.578734800372396876e+02,1.739018939086254250e+02
7.583737127880549451e+02,1.736424486466914630e+02
7.588739455388700890e+02,1.708238189001016281e+02
7.593741782896852328e+02,1.729774660564340820e+02
7.598744110405004903e+02,1.710501130369686962e+02
7.603746437913157479e+02,1.725803627319617419e+02
7.608748765421310054e+02,1.725855987698074898e+02
7.613751092929462629e+02,1.741105620629964221e+02
7.618753420437614068e+02,1.731405551097152795e+02
7.623755747945766643e+02,1.737466627236826469e+02
7.628758075453918082e+02,1.760601166122018810e+02
7.633760402962070657e+02,1.738381160752876440e+02
7.638762730470223232e+02,1.736255012420393484e+02
7.643765057978375808e+02,1.722069030460222336e+02
7.648767385486528383e+02,1.732599102867425529e+02
7.653769712994679821e+02,1.741825813524717148e+02
7.658772040502832397e+02,1.739473309521958129e+02
7.663774368010983835e+02,1.740422437450419579e+02
7.668776695519136410e+02,1.732585167531344723e+02
7.673779023027288986e+02,1.742988595828022937e+02
7.678781350535441561e+02,1.733210218082809604e+02
7.683783678043594136e+02,1.773973913324852845e+02
7.688786005551745575e+02,1.752785876738502964e+02
7.693788333059898150e+02,1.743931954553891046e+02
7.698790660568049589e+02,1.749242958676000796e+02
7.703792988076202164e+02,1.742963867516638459e+02
7.708795315584354739e+02,1.733055107762306193e+02
7.713797643092507315e+02,1.737277315530800479e+02
7.718799970600659890e+02,1.718197918779551685e+02
7.723802298108811328e+02,1.761187399542531580e+02
7.728804625616962767e+02,1.759707487882442933e+02
7.733806953125115342e+02,1.748419561805307012e+02
7.738809280633267917e+02,1.735435931176659494e+02
7.743811608141420493e+02,1.745886833381736096e+02
7.748813935649573068e+02,1.753578537067965328e+02
7.753816263157724507e+02,1.738991133235008135e+02
7.758818590665877082e+02,1.743133011446231819e+02
7.763820918174028520e+02,1.746922216477374263e+02
7.768823245682181096e+02,1.736467258866930194e+02
7.773825573190333671e+02,1.756920757300642038e+02
7.778827900698486246e+02,1.749220652293363685e+02
7.783830228206638822e+02,1.749640629407905976e+02
7.788832555714790260e+02,1.729887974331868463e+02
7.793834883222942835e+02,1.760549045661668970e+02
7.798837210731094274e+02,1.753725190305343347e+02
7.803839538239246849e+02,1.754399510867166896e+02
7.808841865747399424e+02,1.759400317918352243e+02
7.813844193255552000e+02,1.757384002014191822e+02
7.818846520763704575e+02,1.760120441917805465e+02
7.823848848271856014e+02,1.756020944992488069e+02
7.828851175780007452e+02,1.752328598679145841e+02
7.833853503288160027e+02,1.751060065558606311e+02
7.838855830796312603e+02,1.735014432650182812e+02
7.843858158304465178e+02,1.751034666617144921e+02
7.848860485812617753e+02,1.750657839521549306e+02
7.853862813320769192e+02,1.758234933742993746e+02
7.858865140828921767e+02,1.740962725852101869e+02
7.863867468337073205e+02,1.740160467166708145e+02
7.868869795845225781e+02,1.750146888822014546e+02
7.873872123353378356e+02,1.735154025643909677e+02
7.878874450861530931e+02,1.727738072156199962e+02
7.883876778369683507e+02,1.750261689095428324e+02
7.888879105877834945e+02,1.722092958040329620e+02
7.893881433385987521e+02,1.722270863648344346e+02
7.898883760894138959e+02,1.702154904064448431e+02
7.903886088402291534e+02,1.697666210812765542e+02
7.908888415910444110e+02,1.690975151674191750e+02
7.913890743418596685e+02,1.685849420464953425e+02
7.918893070926749260e+02,1.666229888976675113e+02
7.923895398434900699e+02,1.674220556912462712e+02
7.928897725943052137e+02,1.652763571161703169e+02
7.933900053451204712e+02,1.625660632409486084e+02
7.938902380959357288e+02,1.644586081479360757e+02
7.943904708467509863e+02,1.637165419194642766e+02
7.948907035975662438e+02,1.612458081593545671e+02
7.953909363483813877e+02,1.622405434434168114e+02
7.958911690991966452e+02,1.598134986383325327e+02
7.963914018500117891e+02,1.584955039739870415e+02
7.968916346008270466e+02,1.557989370229395831e+02
7.973918673516423041e+02,1.550903509187664611e+02
7.978921001024575617e+02,1.548136256639358237e+02
7.983923328532728192e+02,1.549412843965784248e+02
7.988925656040879630e+02,1.512009625263436305e+02
7.993927983549032206e+02,1.515441103409758341e+02
7.998930311057183644e+02,1.522767961928057332e+02
8.003932638565336219e+02,1.503691812224464286e+02
8.008934966073488795e+02,1.494372951059861236e+02
8.013937293581641370e+02,1.492961581360156060e+02
8.018939621089793945e+02,1.485087271052703954e+02
8.023941948597945384e+02,1.495952376400714456e+02
8.028944276106096822e+02,1.474628480310402381e+02
8.033946603614249398e+02,1.477637732043183405e+02
8.038948931122401973e+02,1.492999253347825288e+02
8.043951258630554548e+02,1.459779241754217196e+02
8.048953586138707124e+02,1.471487916168705397e+02
8.053955913646858562e+02,1.471109577100804415e+02
8.058958241155011137e+02,1.458679571101297938e+02
8.063960568663162576e+02,1.482280678704995580e+02
8.068962896171315151e+02,1.490666190948233805e+02
8.073965223679467726e+02,1.499798502610595961e+02
8.078967551187620302e+02,1.496464267784874949e+02
8.083969878695772877e+02,1.475026281776113137e+02
8.088972206203924316e+02,1.475526603685233340e+02
8.093974533712076891e+02,1.487017987453917840e+02
8.098976861220228329e+02,1.485999219264014073e+02
8.103979188728380905e+02,1.459923291463001078e+02
8.108981516236533480e+02,1.473574661034447502e+02
8.113983843744686055e+02,1.480042220347789339e+02
8.118986171252838631e+02,1.506169833304667804e+02
8.123988498760990069e+02,1.495992294803221228e+02
8.128990826269142644e+02,1.521885125338470175e+02
8.133993153777294083e+02,1.513704694276765395e+02
8.138995481285446658e+02,1.502358097893420563e+02
8.143997808793599233e+02,1.521250549928427915e+02
8.149000136301751809e+02,1.512082190306600751e+02
8.154002463809904384e+02,1.542098067108633757e+02
8.159004791318055823e+02,1.518936437359544698e+02
8.164007118826207261e+02,1.517727464293410264e+02
8.169009446334359836e+02,1.526415700692411122e+02
8.174011773842512412e+02,1.531866093108797315e+02
8.179014101350664987e+02,1.539824777069293873e+02
8.184016428858817562e+02,1.527344317659141666e+02
8.189018756366969001e+02,1.524992236307536473e+02
8.194021083875121576e+02,1.535849226465721244e+02
8.199023411383273015e+02,1.546659041033075823e+02
8.204025738891425590e+02,1.552268182715349667e+02
8.209028066399578165e+02,1.559811012008085527e+02
8.214030393907730740e+02,1.549385839843056658e+02
8.219032721415883316e+02,1.556906940125071515e+02
8.224035048924034754e+02,1.546785153798278429e+02
8.229037376432187330e+02,1.564855429565162126e+02
8.234039703940338768e+02,1.563500854022232147e+02
8.239042031448491343e+02,1.549577378775917396e+02
8.244044358956643919e+02,1.558682981204970019e+02
8.249046686464796494e+02,1.560354467820747573e+02
8.254049013972949069e+02,1.554785027177704535e+02
8.259051341481100508e+02,1.574723037666652488e+02
8.264053668989251946e+02,1.562206983636310440e+02
8.269055996497404522e+02,1.576254659568448915e+02
8.274058324005557097e+02,1.556962052457580796e+02
8.279060651513709672e+02,1.576339729732085857e+02
8.284062979021862247e+02,1.563940136588184942e+02
8.289065306530013686e+02,1.554497533995044023e+02
8.294067634038166261e+02,1.561556060095217617e+02
8.299069961546317700e+02,1.575523901356984311e+02
8.304072289054470275e+02,1.573092274029220334e+02
8.309074616562622850e+02,1.561664718167899935e+02
8.314076944070775426e+02,1.594830323417120326e+02
8.319079271578926864e+02,1.581210578389696195e+02
8.324081599087079439e+02,1.580694936757954565e+02
8.329083926595232015e+02,1.581609239472306854e+02
8.334086254103384590e+02,1.584419151799188228e+02
8.339088581611536029e+02,1.581767460223447870e+02
8.344090909119688604e+02,1.565008886283748382e+02
8.349093236627841179e+02,1.595895107680759395e+02
8.354095564135992618e+02,1.588727753650939576e+02
8.359097891644145193e+02,1.583494146238772942e+02
8.364100219152297768e+02,1.582480667011634239e+02
8.369102546660449207e+02,1.586983754574446834e+02
8.374104874168601782e+02,1.596274991330383841e+02
8.379107201676754357e+02,1.604909061819811882e+02
8.384109529184906933e+02,1.585425163221595994e+02
8.389111856693058371e+02,1.592312808422404657e+02
8.394114184201210946e+02,1.594201686837458567e+02
8.399116511709363522e+02,1.586393440166201856e+02
8.404118839217514960e+02,1.609866444142084845e+02
8.409121166725667536e+02,1.599577376217907272e+02
8.414123494233820111e+02,1.605803681493435988e+02
8.419125821741971549e+02,1.590426269357796514e+02
8.424128149250124125e+02,1.597225929734225929e+02
8.429130476758276700e+02,1.607632038103886316e+02
8.434132804266429275e+02,1.608420907029656917e+02
8.439135131774580714e+02,1.589465871906916732e+02
8.444137459282733289e+02,1.611218883732255449e+02
8.449139786790885864e+02,1.604566069564580744e+02
8.454142114299037303e+02,1.588447177684900851e+02
8.459144441807189878e+02,1.604291599438544722e+02
8.464146769315342453e+02,1.609449321521134664e+02
8.469149096823493892e+02,1.615125532330245619e+02
8.474151424331646467e+02,1.615788196251783688e+02
8.479153751839799043e+02,1.605523014021200652e+02
8.484156079347951618e+02,1.606608582798616851e+02
8.489158406856103056e+02,1.604778857191956547e+02
8.494160734364255632e+02,1.594923134413090793e+02
8.499163061872408207e+02,1.608419614633518790e+02
8.504165389380559645e+02,1.621748729107935105e+02
8.509167716888712221e+02,1.609327409320493416e+02
8.514170044396864796e+02,1.622629710256473459e+02
8.519172371905016234e+02,1.603481065854361418e+02
8.524174699413168810e+02,1.591411290192922365e+02
8.529177026921321385e+02,1.591556603046283556e+02
8.534179354429473960e+02,1.623682008540129686e+02
8.539181681937625399e+02,1.628589684529579813e+02
8.544184009445777974e+02,1.619133049271243863e+02
8.549186336953930549e+02,1.623780930680611334e+02
8.554188664462081988e+02,1.617336840777079203e+02
8.559190991970234563e+02,1.612155674294619701e+02
8.564193319478387139e+02,1.612351897672533028e+02
8.569195646986538577e+02,1.623858370163599147e+02
8.574197974494691152e+02,1.602508645912351426e+02
8.579200302002843728e+02,1.614555211289717249e+02
8.584202629510996303e+02,1.602682221395623401e+02
8.589204957019147741e+02,1.616271786319795751e+02
8.594207284527300317e+02,1.619012320480109679e+02
8.599209612035452892e+02,1.613624552107132217e+02
8.604211939543604331e+02,1.624572520161048317e+02
8.609214267051756906e+02,1.614995278762559394e+02
8.614216594559909481e+02,1.612247673974262909e+02
8.619218922068060920e+02,1.615718681960293566e+02
8.624221249576213495e+02,1.623122242449771022e+02
8.629223577084366070e+02,1.614947346545009736e+02
8.634225904592518646e+02,1.634388844041538675e+02
8.639228232100670084e+02,1.618572586915612419e+02
8.644230559608822659e+02,1.621905862547376955e+02
8.649232887116975235e+02,1.606538175049514336e+02
8.654235214625126673e+02,1.617726381434844143e+02
8.659237542133279248e+02,1.625811735694660456e+02
8.664239869641431824e+02,1.637841576650175739e+02
8.669242197149583262e+02,1.630963010347417139e+02
8.674244524657735838e+02,1.632647483369366910e+02
8.679246852165888413e+02,1.626752788974253292e+02
8.684249179674040988e+02,1.615351107592951507e+02
8.689251507182192427e+02,1.620417649699975868e+02
8.694253834690345002e+02,1.618723246234995656e+02
8.699256162198497577e+02,1.613705136169663206e+02
8.704258489706649016e+02,1.614421823771932623e+02
8.709260817214801591e+02,1.629496463726956392e+02
8.714263144722954166e+02,1.615256265836920306e+02
8.719265472231105605e+02,1.629308246306945875e+02
8.724267799739258180e+02,1.609635641982329446e+02
8.729270127247410755e+02,1.634605795837239555e+02
8.734272454755563331e+02,1.631578407440274532e+02
8.739274782263714769e+02,1.625819222172040952e+02
8.744277109771867345e+02,1.637908767553928158e+02
8.749279437280019920e+02,1.635929868624254766e+02
8.754281764788171358e+02,1.627868041191530892e+02
8.759284092296323934e+02,1.640879466630659351e+02
8.764286419804476509e+02,1.622132378916143693e+02
8.769288747312629084e+02,1.630380703635279360e+02
8.774291074820780523e+02,1.627180043260326556e+02
8.779293402328933098e+02,1.622527414430524857e+02
8.784295729837085673e+02,1.623838734141774580e+02
8.789298057345237112e+02,1.631260977264987559e+02
8.794300384853389687e+02,1.631429650581177953e+02
8.799302712361542262e+02,1.634641662580611410e+02
8.804305039869693701e+02,1.624349490562787537e+02
8.809307367377846276e+02,1.600331053589245869e+02
8.814309694885998852e+02,1.632868731548585970e+02
8.819312022394151427e+02,1.632778703556408573e+02
8.824314349902302865e+02,1.625171962670053176e+02
8.829316677410455441e+02,1.634328754465744851e+02
8.834319004918608016e+02,1.642812350854894703e+02
8.839321332426759454e+02,1.625745703388357697e+02
8.844323659934912030e+02,1.643017853422218195e+02
8.849325987443064605e+02,1.632551616374802563e+02
8.854328314951216043e+02,1.636275956786187180e+02
8.859330642459368619e+02,1.631909582069872897e+02
8.864332969967521194e+02,1.624063287395448469e+02
8.869335297475673769e+02,1.640845738173993595e+02
8.874337624983825208e+02,1.626360666669514501e+02
8.879339952491977783e+02,1.638409390155665335e+02
8.884342280000130359e+02,1.639831743482754121e+02
8.889344607508281797e+02,1.621118425438311874e+02
8.894346935016434372e+02,1.644747108923850476e+02
8.899349262524586948e+02,1.626281535396300342e+02
8.904351590032738386e+02,1.625628868192985692e+02
8.909353917540890961e+02,1.636462578232975602e+02
8.914356245049043537e+02,1.639977430333653956e+02
8.919358572557196112e+02,1.628018640001289441e+02
8.924360900065347550e+02,1.615161594586038518e+02
8.929363227573500126e+02,1.620412734079748986e+02
8.934365555081652701e+02,1.632458306755183628e+02
8.939367882589804140e+02,1.637521274622625072e+02
8.944370210097956715e+02,1.634656970312967985e+02
8.949372537606109290e+02,1.645146701532929114e+02
8.954374865114260729e+02,1.654647368506745124e+02
8.959377192622413304e+02,1.632068176270385607e+02
8.964379520130565879e+02,1.646940437798772052e+02
8.969381847638718455e+02,1.623200664079447790e+02
8.974384175146869893e+02,1.651635608648074083e+02
8.979386502655022468e+02,1.615799287815880518e+02
8.984388830163175044e+02,1.655891189314992005e+02
8.989391157671326482e+02,1.628067927570338043e+02
8.994393485179479057e+02,1.640279705227383715e+02
8.999395812687631633e+02,1.629783242397124354e+02
9.004398140195783071e+02,1.642742808784503552e+02
9.009400467703935647e+02,1.642872550400380192e+02
9.014402795212088222e+02,1.631056381377250375e+02
9.019405122720240797e+02,1.624198081009337784e+02
9.024407450228392236e+02,1.631101436803598972e+02
9.029409777736544811e+02,1.626943775886852279e+02
9.034412105244697386e+02,1.630962597379630097e+02
9.039414432752848825e+02,1.633075174614379250e+02
9.044416760261001400e+02,1.641062323410104682e+02
9.049419087769153975e+02,1.640503711848157309e+02
9.054421415277305414e+02,1.628743122971659147e+02
9.059423742785457989e+02,1.629164645925794730e+02
9.064426070293610564e+02,1.640661777137509034e+02
9.069428397801763140e+02,1.645600438209906713e+02
9.074430725309914578e+02,1.630595349335605420e+02
9.079433052818067154e+02,1.615051494636034306e+02
9.084435380326219729e+02,1.627095935663592172e+02
9.089437707834371167e+02,1.628182639987876144e+02
9.094440035342523743e+02,1.634746035410786646e+02
9.099442362850676318e+02,1.650847032471984335e+02
9.104444690358827756e+02,1.631725097152003059e+02
9.109447017866980332e+02,1.641747067556055413e+02
9.114449345375132907e+02,1.661773059476076639e+02
9.119451672883285482e+02,1.617225535206266613e+02
9.124454000391436921e+02,1.629951418886508634e+02
9.129456327899589496e+02,1.637636980371187292e+02
9.134458655407742071e+02,1.627309632798149437e+02
9.139460982915893510e+02,1.637960174437068588e+02
9.144463310424046085e+02,1.634418205009590963e+02
9.149465637932198661e+02,1.653224447410898676e+02
9.154467965440350099e+02,1.647425641374369434e+02
9.159470292948502674e+02,1.630882192480899846e+02
9.164472620456655250e+02,1.631097108086110836e+02
9.169474947964807825e+02,1.648756122789087044e+02
9.174477275472959263e+02,1.658891095005465104e+02
9.179479602981111839e+02,1.626063587319064254e+02
9.184481930489264414e+02,1.649128613392959721e+02
9.189484257997415853e+02,1.654661914602519630e+02
9.194486585505568428e+02,1.661010763921719047e+02
9.199488913013721003e+02,1.650459201196192396e+02
9.204491240521873578e+02,1.654613869297894553e+02
9.209493568030025017e+02,1.615829930328194735e+02
9.214495895538177592e+02,1.640312433385608131e+02
9.219498223046330168e+02,1.651685179791289499e+02
9.224500550554481606e+02,1.637592819988829547e+02
9.229502878062634181e+02,1.631869133023035943e+02
9.234505205570786757e+02,1.645548972414611626e+02
9.239507533078938195e+02,1.646955542096843885e+02
9.244509860587090770e+02,1.652059505020312145e+02
9.249512188095243346e+02,1.634107155063505274e+02
9.254514515603395921e+02,1.659565245289055326e+02
9.259516843111547360e+02,1.623557643013440099e+02
9.264519170619699935e+02,1.636614272905102325e+02
9.269521498127852510e+02,1.633512816617718784e+02
9.274523825636003949e+02,1.649738920959839277e+02
9.279526153144156524e+02,1.628482962297821643e+02
9.284528480652309099e+02,1.647415137217668928e+02
9.289530808160460538e+02,1.649265963531388479e+02
9.294533135668613113e+02,1.654066849005258177e+02
9.299535463176765688e+02,1.637584680123435987e+02
9.304537790684918264e+02,1.660054782668073869e+02
9.309540118193069702e+02,1.646144872153024608e+02
9.314542445701222277e+02,1.644049449818826929e+02
9.319544773209374853e+02,1.645916463001012744e+02
9.324547100717526291e+02,1.654971395329413895e+02
9.329549428225678867e+02,1.646221875343522356e+02
9.334551755733831442e+02,1.645052764723616292e+02
9.339554083241982880e+02,1.625265363709371798e+02
9.344556410750135456e+02,1.646757738609729245e+02
9.349558738258288031e+02,1.640918538504126332e+02
9.354561065766440606e+02,1.646952933618652253e+02
9.359563393274592045e+02,1.632464934301821131e+02
9.364565720782744620e+02,1.658627097809774682e+02
9.369568048290897195e+02,1.628004856379337753e+02
9.374570375799048634e+02,1.661280165990200146e+02
9.379572703307201209e+02,1.627106625658612700e+02
9.384575030815353784e+02,1.658638120700995557e+02
9.389577358323505223e+02,1.654097628831517568e+02
9.394579685831657798e+02,1.631804266222517299e+02
9.399582013339810374e+02,1.662247926668568141e+02
9.404584340847962949e+02,1.647936475257905897e+02
9.409586668356114387e+02,1.656594988828992427e+02
9.414588995864266963e+02,1.654315120008261886e+02
9.419591323372419538e+02,1.634006353517060575e+02
9.424593650880570976e+02,1.628049795464725378e+02
9.429595978388723552e+02,1.646742784129790209e+02
9.434598305896876127e+02,1.632402773662751940e+02
9.439600633405027565e+02,1.654874741556924107e+02
9.444602960913180141e+02,1.656442649389190649e+02
9.449605288421332716e+02,1.639346862500690634e+02
9.454607615929485291e+02,1.654450535406040501e+02
9.459609943437636730e+02,1.651531167171867196e+02
9.464612270945789305e+02,1.661147405495936198e+02
9.469614598453941881e+02,1.656092597967110009e+02
9.474616925962093319e+02,1.658634148520093561e+02
9.479619253470245894e+02,1.647470123964254469e+02
9.484621580978398470e+02,1.652687713795268678e+02
9.489623908486549908e+02,1.655426570341564627e+02
9.494626235994702483e+02,1.649024490623858128e+02
9.499628563502855059e+02,1.630849696450874831e+02
9.504630891011007634e+02,1.638384016108123262e+02
9.509633218519159072e+02,1.640774571559593369e+02
9.514635546027311648e+02,1.638499440425869693e+02
9.519637873535464223e+02,1.650287084448882524e+02
9.524640201043615662e+02,1.641669104087329458e+02
9.529642528551768237e+02,1.654391825650580472e+02
9.534644856059920812e+02,1.650082888950485085e+02
9.539647183568072251e+02,1.653481977045094027e+02
9.544649511076224826e+02,1.654427011158155381e+02
9.549651838584377401e+02,1.650479380262737834e+02
9.554654166092529977e+02,1.629694906796757721e+02
9.559656493600681415e+02,1.653097779562326934e+02
9.564658821108833990e+02,1.646899258053629467e+02
9.569661148616986566e+02,1.641318513323315358e+02
9.574663476125138004e+02,1.644038718351152966e+02
9.579665803633290579e+02,1.641118623677083974e+02
9.584668131141443155e+02,1.643759362737719414e+02
9.589670458649595730e+02,1.658909749000391969e+02
9.594672786157747169e+02,1.655559913036132969e+02
9.599675113665899744e+02,1.643612512322049497e+02
9.604677441174052319e+02,1.660599000505422111e+02
9.609679768682203758e+02,1.624411646947076804e+02
9.614682096190356333e+02,1.662572435960938435e+02
9.619684423698508908e+02,1.663451465960765461e+02
9.624686751206660347e+02,1.660006067547450357e+02
9.629689078714812922e+02,1.662528107415564875e+02
9.634691406222965497e+02,1.646412265135068651e+02
9.639693733731118073e+02,1.635611126799141459e+02
9.644696061239269511e+02,1.667791562513468762e+02
9.649698388747422086e+02,1.642736280634093475e+02
9.654700716255574662e+02,1.662232048344215514e+02
9.659703043763726100e+02,1.653801213611405387e+02
9.664705371271878676e+02,1.650493516838730557e+02
9.669707698780031251e+02,1.645778628893615689e+02
9.674710026288182689e+02,1.633238104614989936e+02
9.679712353796335265e+02,1.659674262117653143e+02
9.684714681304487840e+02,1.656979639596361551e+02
9.689717008812640415e+02,1.659327774346843114e+02
9.694719336320791854e+02,1.633391079314708350e+02
9.699721663828944429e+02,1.639407982914963497e+02
9.704723991337097004e+02,1.638830295135317670e+02
9.709726318845248443e+02,1.670970455263962720e+02
9.714728646353401018e+02,1.668954232491390144e+02
9.719730973861553593e+02,1.632329930932740751e+02
9.724733301369705032e+02,1.648869877305039324e+02
9.729735628877857607e+02,1.663418170062553543e+02
9.734737956386010183e+02,1.636021080128310814e+02
9.739740283894162758e+02,1.654412893432214844e+02
9.744742611402314196e+02,1.646888796494868927e+02
9.749744938910466772e+02,1.662846215066109323e+02
9.754747266418619347e+02,1.640179591544134894e+02
9.759749593926770785e+02,1.655314366200848042e+02
9.764751921434923361e+02,1.637228603693347679e+02
9.769754248943075936e+02,1.656515119468908210e+02
9.774756576451227374e+02,1.644900058619662104e+02
9.779758903959379950e+02,1.665725570101865003e+02
9.784761231467532525e+02,1.642751257553445896e+02
9.789763558975685100e+02,1.669882162199415063e+02
9.794765886483836539e+02,1.645702734710238246e+02
9.799768213991989114e+02,1.647096896615557284e+02
9.804770541500141690e+02,1.647131206332756506e+02
9.809772869008293128e+02,1.644466619574712638e+02
9.814775196516445703e+02,1.666743383137194598e+02
9.819777524024598279e+02,1.644346446603294680e+02
9.824779851532749717e+02,1.646368528710873420e+02
9.829782179040902292e+02,1.662617477201781639e+02
9.834784506549054868e+02,1.653113232643540869e+02
9.839786834057207443e+02,1.645339086668172399e+02
9.844789161565358881e+02,1.662848083554771108e+02
9.849791489073511457e+02,1.656614772157824973e+02
9.854793816581664032e+02,1.655208879765883694e+02
9.859796144089815471e+02,1.653214877341557383e+02
9.864798471597968046e+02,1.655647790818682097e+02
9.869800799106120621e+02,1.661783058851817998e+02
9.874803126614272060e+02,1.657702150647019153e+02
9.879805454122424635e+02,1.649248286646930524e+02
9.884807781630577210e+02,1.654538180365988183e+02
9.889810109138729786e+02,1.636384214835770194e+02
9.894812436646881224e+02,1.645402200680378257e+02
9.899814764155033799e+02,1.648892750987972420e+02
9.904817091663186375e+02,1.655306526628927202e+02
9.909819419171337813e+02,1.657660569339274730e+02
9.914821746679490388e+02,1.640019711502339135e+02
9.919824074187642964e+02,1.655381365892351653e+02
9.924826401695794402e+02,1.648122933764006746e+02
9.929828729203946978e+02,1.666920657608261251e+02
9.934831056712099553e+02,1.649726486366026279e+02
9.939833384220252128e+02,1.635940718623004955e+02
9.944835711728403567e+02,1.652359096222335211e+02
9.949838039236556142e+02,1.666985097721891975e+02
9.954840366744708717e+02,1.647603622212393759e+02
9.959842694252860156e+02,1.657346890527782648e+02
9.964845021761012731e+02,1.649516134615262501e+02
9.969847349269165306e+02,1.658060564343119552e+02
9.974849676777316745e+02,1.651184325124448264e+02
9.979852004285469320e+02,1.634137779544479940e+02
9.984854331793621895e+02,1.673625599360161118e+02
9.989856659301774471e+02,1.647575232355266905e+02
9.994858986809925909e+02,1.651524754071697885e+02
9.999861314318078485e+02,1.664336159710876473e+02
1.000486364182623106e+03,1.650768639154064203e+02
1.000986596933438250e+03,1.668591591001899985e+02
1.001486829684253507e+03,1.647894289182295893e+02
1.001987062435068765e+03,1.674479172358770143e+02
1.002487295185884022e+03,1.653524891694930261e+02
1.002987527936699166e+03,1.642468192824944992e+02
1.003487760687514424e+03,1.650668354159454623e+02
1.003987993438329681e+03,1.658480209943885200e+02
1.004488226189144825e+03,1.660719253608363601e+02
1.004988458939960083e+03,1.638301237355941851e+02
1.005488691690775340e+03,1.677425870422586343e+02
1.005988924441590484e+03,1.653861626752504321e+02
1.006489157192405742e+03,1.643735517044697474e+02
1.006989389943220999e+03,1.682117584886203758e+02
1.007489622694036257e+03,1.646981526270118366e+02
1.007989855444851401e+03,1.645166443461015717e+02
1.008490088195666658e+03,1.651616658385560186e+02
1.008990320946481916e+03,1.649077537806668090e+02
1.009490553697297059e+03,1.670979760976717046e+02
1.009990786448112317e+03,1.652878722412999366e+02
1.010491019198927575e+03,1.660030102229393663e+02
1.010991251949742718e+03,1.660926071890087314e+02
1.011491484700557976e+03,1.653647994277654334e+02
1.011991717451373233e+03,1.653774856369617510e+02
1.012491950202188491e+03,1.669465404224156373e+02
1.012992182953003635e+03,1.658344486538293268e+02
1.013492415703818892e+03,1.655210387793428310e+02
1.013992648454634150e+03,1.648447210418212592e+02
1.014492881205449294e+03,1.650007017160993996e+02
1.014993113956264551e+03,1.655377681203970894e+02
1.015493346707079809e+03,1.652961066884683987e+02
1.015993579457894953e+03,1.666620552811747871e+02
1.016493812208710210e+03,1.665866329044652048e+02
1.016994044959525468e+03,1.676477597121688632e+02
1.017494277710340725e+03,1.658344388641170326e+02
1.017994510461155869e+03,1.641496297702120728e+02
1.018494743211971127e+03,1.659018842726323726e+02
1.018994975962786384e+03,1.643220381564071033e+02
1.019495208713601528e+03,1.671186935864316183e+02
1.019995441464416785e+03,1.655268641883983491e+02
1.020495674215232043e+03,1.662364619226117100e+02
1.020995906966047187e+03,1.665811115429748099e+02
1.021496139716862444e+03,1.664421259680160006e+02
1.021996372467677702e+03,1.654146632530372472e+02
1.022496605218492959e+03,1.657670722457036732e+02
1.022996837969308103e+03,1.651793773948932653e+02
1.023497070720123361e+03,1.644671340615791166e+02
1.023997303470938618e+03,1.649977617583126062e+02
1.024497536221753762e+03,1.651003423363962099e+02
1.024997768972569020e+03,1.666024175725088980e+02
1.025498001723384277e+03,1.664275984362004124e+02
1.025998234474199307e+03,1.650122575207376769e+02
1.026498467225014792e+03,1.663942869744294057e+02
1.026998699975829823e+03,1.672645513351253328e+02
1.027498932726645307e+03,1.650168784333114615e+02
1.027999165477460338e+03,1.662019112218549139e+02
1.028499398228275595e+03,1.660231692879451657e+02
1.028999630979090853e+03,1.648735439437608079e+02
1.029499863729905883e+03,1.662627213622642728e+02
1.030000096480721368e+03,1.666284713580280084e+02
1.030500329231536398e+03,1.647876957176885924e+02
1.031000561982351655e+03,1.654871552924167588e+02
1.031500794733166913e+03,1.656484353211351390e+02
1.032001027483982170e+03,1.653642765819772933e+02
1.032501260234797428e+03,1.659019539836012314e+02
1.033001492985612458e+03,1.662452740371558662e+02
1.033501725736427943e+03,1.652997369926302156e+02
1.034001958487242973e+03,1.658563507333191183e+02
1.034502191238058231e+03,1.642878939992816072e+02
1.035002423988873488e+03,1.666150320958961970e+02
1.035502656739688746e+03,1.646449321227821372e+02
1.036002889490504003e+03,1.662203998921331163e+02
1.036503122241319033e+03,1.639355087928402668e+02
1.037003354992134518e+03,1.661485488123253447e+02
1.037503587742949549e+03,1.641854440667702306e+02
1.038003820493764806e+03,1.676055717021092164e+02
1.038504053244580064e+03,1.650522948999149264e+02
1.039004285995395321e+03,1.649947041592989478e+02
1.039504518746210579e+03,1.654134586514200009e+02
1.040004751497025609e+03,1.675789080616011972e+02
1.040504984247841094e+03,1.655067653207285900e+02
1.041005216998656124e+03,1.661236507767960120e+02
1.041505449749471381e+03,1.668815571217855904e+02
1.042005682500286639e+03,1.657274537114605266e+02
1.042505915251101897e+03,1.667527704893806231e+02
1.043006148001917154e+03,1.655828934711406077e+02
1.043506380752732184e+03,1.658240789305942826e+02
1.044006613503547669e+03,1.640955512797434608e+02
1.044506846254362699e+03,1.662354836811865084e+02
1.045007079005177957e+03,1.653518500259631594e+02
1.045507311755993214e+03,1.656938609420622299e+02
1.046007544506808472e+03,1.663674239088631168e+02
1.046507777257623729e+03,1.652910502870881828e+02
1.047008010008438760e+03,1.652040508334884805e+02
1.047508242759254244e+03,1.649064786325279783e+02
1.048008475510069275e+03,1.665226266875322949e+02
1.048508708260884532e+03,1.656899686787484427e+02
1.049008941011699790e+03,1.640838467564339851e+02
1.049509173762514820e+03,1.659455407088533718e+02
1.050009406513330305e+03,1.651539686836623559e+02
1.050509639264145335e+03,1.650051615633317965e+02
1.051009872014960820e+03,1.670071554567160206e+02
1.051510104765775850e+03,1.662593336301324882e+02
1.052010337516591107e+03,1.664473527237597352e+02
1.052510570267406365e+03,1.674755296097922894e+02
1.053010803018221395e+03,1.662048472057444712e+02
1.053511035769036880e+03,1.662029058525008338e+02
1.054011268519851910e+03,1.657957245324745656e+02
1.054511501270667168e+03,1.657512092507690795e+02
1.055011734021482425e+03,1.657598738091660380e+02
1.055511966772297683e+03,1.656646819609106558e+02
1.056012199523112940e+03,1.667446759339160849e+02
1.056512432273927971e+03,1.652440266151151889e+02
1.057012665024743455e+03,1.655409429262581114e+02
1.057512897775558486e+03,1.679860470847927729e+02
1.058013130526373743e+03,1.654817386646018917e+02
1.058513363277189001e+03,1.653514043791573442e+02
1.059013596028004258e+03,1.655723928442137947e+02
1.059513828778819516e+03,1.653779831756059764e+02
1.060014061529634546e+03,1.656498043003925886e+02
1.060514294280450031e+03,1.656800464726797770e+02
1.061014527031265061e+03,1.642225170050277541e+02
1.061514759782080318e+03,1.643747225728280625e+02
1.062014992532895576e+03,1.650478520181378883e+02
1.062515225283710834e+03,1.621727833106886010e+02
1.063015458034526091e+03,1.671868080702695920e+02
1.063515690785341121e+03,1.650205761252190939e+02
1.064015923536156606e+03,1.660842589199753547e+02
1.064516156286971636e+03,1.655206257891487667e+02
1.065016389037786894e+03,1.663353249872006927e+02
1.065516621788602151e+03,1.647928550685376479e+02
1.066016854539417409e+03,1.657830984193524557e+02
1.066517087290232666e+03,1.642344054113511334e+02
1.067017320041047697e+03,1.652654543808864958e+02
1.067517552791863181e+03,1.662162106731839799e+02
1.068017785542678212e+03,1.662954108047981663e+02
1.068518018293493469e+03,1.670238375672607560e+02
1.069018251044308727e+03,1.665270948036334175e+02
1.069518483795123757e+03,1.653461415830646786e+02
1.070018716545939242e+03,1.653512358846335530e+02
1.070518949296754272e+03,1.672395295136371374e+02
1.071019182047569757e+03,1.672482652492803368e+02
1.071519414798384787e+03,1.664224838075240314e+02
1.072019647549200045e+03,1.661545655227179452e+02
1.072519880300015302e+03,1.660304001887907646e+02
1.073020113050830332e+03,1.658269620792676164e+02
1.073520345801645817e+03,1.651884252136786131e+02
1.074020578552460847e+03,1.645164691899275056e+02
1.074520811303276105e+03,1.674535739149682172e+02
1.075021044054091362e+03,1.658145704935607796e+02
1.075521276804906620e+03,1.649970274303741178e+02
1.076021509555721877e+03,1.665611567613532031e+02
1.076521742306536908e+03,1.650155071589676652e+02
1.077021975057352392e+03,1.655108051070392605e+02
1.077522207808167423e+03,1.652093355818752798e+02
1.078022440558982680e+03,1.663982345615733038e+02
1.078522673309797938e+03,1.646368040342647134e+02
1.079022906060613195e+03,1.655757586010499551e+02
1.079523138811428453e+03,1.662123743796425401e+02
1.080023371562243483e+03,1.666125349017636097e+02
1.080523604313058968e+03,1.652975752715329349e+02
1.081023837063873998e+03,1.648185303125458461e+02
1.081524069814689256e+03,1.669401881257591640e+02
1.082024302565504513e+03,1.653370329567892725e+02
1.082524535316319771e+03,1.663300065716761367e+02
1.083024768067135028e+03,1.688497989321859052e+02
1.083525000817950058e+03,1.651164077857021084e+02
1.084025233568765543e+03,1.678265660003458777e+02
1.084525466319580573e+03,1.644310413664775581e+02
1.085025699070395831e+03,1.671788889115736367e+02
1.085525931821211088e+03,1.663376296782807060e+02
1.086026164572026346e+03,1.665948894221871512e+02
1.086526397322841603e+03,1.673209681995291476e+02
1.087026630073656634e+03,1.638532011092505627e+02
1.087526862824472119e+03,1.661241440549494826e+02
1.088027095575287149e+03,1.673367866679191138e+02
1.088527328326102406e+03,1.668614683064622568e+02
1.089027561076917664e+03,1.665179487395510591e+02
1.089527793827732921e+03,1.649513382812012026e+02
1.090028026578548179e+03,1.673786568881530741e+02
1.090528259329363209e+03,1.642831020948333958e+02
1.091028492080178694e+03,1.653953143455103145e+02
1.091528724830993724e+03,1.659325914691485480e+02
1.092028957581808982e+03,1.656627954210390499e+02
1.092529190332624239e+03,1.668711251129300308e+02
1.093029423083439269e+03,1.662296152334432691e+02
1.093529655834254754e+03,1.652796200006605147e+02
1.094029888585069784e+03,1.653502286207874761e+02
1.094530121335885269e+03,1.670323798553744723e+02
1.095030354086700299e+03,1.674087941920316496e+02
1.095530586837515557e+03,1.661274329386770034e+02
1.096030819588330814e+03,1.657377620747044773e+02
1.096531052339145845e+03,1.679601883658663724e+02
1.097031285089961330e+03,1.649789237445561980e+02
1.097531517840776360e+03,1.652816643506629930e+02
1.098031750591591617e+03,1.664504729377139824e+02
1.098531983342406875e+03,1.673756699721102166e+02
1.099032216093222132e+03,1.658417761209147727e+02
1.099532448844037390e+03,1.661584746052676849e+02
1.100032681594852420e+03,1.638987454175692733e+02
1.100532914345667905e+03,1.643167237046980915e+02
1.101033147096482935e+03,1.671137227148027762e+02
1.101533379847298193e+03,1.658780423255414007e+02
1.102033612598113450e+03,1.663369888140258297e+02
1.102533845348928708e+03,1.657356482621882776e+02
1.103034078099743965e+03,1.681138672451360208e+02
1.103534310850558995e+03,1.656579287112665781e+02
1.104034543601374480e+03,1.655779599868024548e+02
1.104534776352189510e+03,1.661620211828126799e+02
1.105035009103004768e+03,1.661754334102290045e+02
1.105535241853820025e+03,1.662631522713647882e+02
1.106035474604635283e+03,1.661483790770333826e+02
1.106535707355450540e+03,1.652678274210616394e+02
1.107035940106265571e+03,1.644507603406775900e+02
1.107536172857081056e+03,1.657163465826029949e+02
1.108036405607896086e+03,1.665487159703600355e+02
1.108536638358711343e+03,1.643666182521177461e+02
1.109036871109526601e+03,1.659493115376508001e+02
1.109537103860341858e+03,1.656101624007522446e+02
1.110037336611157116e+03,1.663366103785485279e+02
1.110537569361972146e+03,1.668258635687518279e+02
1.111037802112787631e+03,1.657223928513301132e+02
1.111538034863602661e+03,1.648631620021169510e+02
1.112038267614417919e+03,1.669668924322037071e+02
1.112538500365233176e+03,1.659335292582804868e+02
1.113038733116048206e+03,1.657205366900007562e+02
1.113538965866863691e+03,1.653219305467157483e+02
1.114039198617678721e+03,1.660166170095285736e+02
1.114539431368494206e+03,1.672561754823564115e+02
1.115039664119309236e+03,1.644383418952764373e+02
1.115539896870124494e+03,1.659231833103563076e+02
1.116040129620939751e+03,1.674638555896068510e+02
1.116540362371754782e+03,1.648967477994350759e+02
1.117040595122570267e+03,1.656387003655857768e+02
1.117540827873385297e+03,1.666301376890116615e+02
1.118041060624200554e+03,1.661683538027141651e+02
1.118541293375015812e+03,1.653232827765232003e+02
1.119041526125831069e+03,1.665520467294658999e+02
1.119541758876646327e+03,1.671711078084301505e+02
1.120041991627461357e+03,1.670836533418372767e+02
1.120542224378276842e+03,1.655382764740778043e+02
1.121042457129091872e+03,1.669839704028341885e+02
1.121542689879907130e+03,1.645390507077553650e+02
1.122042922630722387e+03,1.652943597079660094e+02
1.122543155381537645e+03,1.658242267625127795e+02
1.123043388132352902e+03,1.649162224247534425e+02
1.123543620883167932e+03,1.675752061586858304e+02
1.124043853633983417e+03,1.669183591591514357e+02
1.124544086384798447e+03,1.650463507611415821e+02
1.125044319135613705e+03,1.664967425137279236e+02
1.125544551886428962e+03,1.668396077747075879e+02
1.126044784637244220e+03,1.667580419900942275e+02
1.126545017388059478e+03,1.661230506358692480e+02
1.127045250138874508e+03,1.645720188657586220e+02
1.127545482889689993e+03,1.673689925519492192e+02
1.128045715640505023e+03,1.671057506621388882e+02
1.128545948391320280e+03,1.665921075715225470e+02
1.129046181142135538e+03,1.655674351707369851e+02
1.129546413892950795e+03,1.639798419958605962e+02
1.130046646643766053e+03,1.669026371303947940e+02
1.130546879394581083e+03,1.654827660579796600e+02
1.131047112145396568e+03,1.674492833281370849e+02
1.131547344896211598e+03,1.638362581097861153e+02
1.132047577647026856e+03,1.647585963680194254e+02
1.132547810397842113e+03,1.656236444671899903e+02
1.133048043148657371e+03,1.640936467562762573e+02
1.133548275899472628e+03,1.663846006367429595e+02
1.134048508650287658e+03,1.655892672368053695e+02
1.134548741401103143e+03,1.654142016170530383e+02
1.135048974151918173e+03,1.642725338283722749e+02
1.135549206902733431e+03,1.661453113062629825e+02
1.136049439653548689e+03,1.657127090767066875e+02
1.136549672404363719e+03,1.657507413600399389e+02
1.137049905155179204e+03,1.645191039073390584e+02
1.137550137905994234e+03,1.669127692305544599e+02
1.138050370656809719e+03,1.661582782792053479e+02
1.138550603407624749e+03,1.662363417059473250e+02
1.139050836158440006e+03,1.679286868638637600e+02
1.139551068909255264e+03,1.665103032671116807e+02
1.140051301660070294e+03,1.651123820229204568e+02
1.140551534410885779e+03,1.669291265747955606e+02
1.141051767161700809e+03,1.653659769246547171e+02
1.141551999912516067e+03,1.671788539077550126e+02
1.142052232663331324e+03,1.670440995248767706e+02
1.142552465414146582e+03,1.682359535064124145e+02
1.143052698164961839e+03,1.680406285138049043e+02
1.143552930915776869e+03,1.671189703765711556e+02
1.144053163666592354e+03,1.647799221204329569e+02
1.144553396417407384e+03,1.652627417175578159e+02
1.145053629168222642e+03,1.654489385102687606e+02
1.145553861919037899e+03,1.656579090928476319e+02
1.146054094669853157e+03,1.660571696488688076e+02
1.146554327420668415e+03,1.669074580450113672e+02
1.147054560171483445e+03,1.672524593591230939e+02
1.147554792922298930e+03,1.669645530755320806e+02
1.148055025673113960e+03,1.658932818003099783e+02
1.148555258423929217e+03,1.650927173746549954e+02
1.149055491174744475e+03,1.665597308570458779e+02
1.149555723925559732e+03,1.660791017339164455e+02
1.150055956676374990e+03,1.650206419310097488e+02
1.150556189427190020e+03,1.647695641474891488e+02
1.151056422178005505e+03,1.672050543995051157e+02
1.151556654928820535e+03,1.650179072785841754e+02
1.152056887679635793e+03,1.651424704777641921e+02
1.152557120430451050e+03,1.651174681387448118e+02
1.153057353181266308e+03,1.641460964096638975e+02
1.153557585932081565e+03,1.671141407321889574e+02
1.154057818682896595e+03,1.672650844348157193e+02
1.154558051433712080e+03,1.657400355128839635e+02
1.155058284184527110e+03,1.654184720075811583e+02
1.155558516935342368e+03,1.669262428280463268e+02
1.156058749686157626e+03,1.687144724221428760e+02
1.156558982436972656e+03,1.669715787058809724e+02
1.157059215187788141e+03,1.655839943437102590e+02
1.157559447938603171e+03,1.676411287089527775e+02
1.158059680689418656e+03,1.656726522512755366e+02
1.158559913440233686e+03,1.659498553268117860e+02
1.159060146191048943e+03,1.652811163967444372e+02
1.159560378941864201e+03,1.646899267434113199e+02
1.160060611692679231e+03,1.652233555574499348e+02
1.160560844443494716e+03,1.682823676120649452e+02
1.161061077194309746e+03,1.661699320338290704e+02
1.161561309945125004e+03,1.664462106750242754e+02
1.162061542695940261e+03,1.655623963797286819e+02
1.162561775446755519e+03,1.659550057212838396e+02
1.163062008197570776e+03,1.658173169194584204e+02
1.163562240948385806e+03,1.655666907997419059e+02
1.164062473699201291e+03,1.658009600089669959e+02
1.164562706450016321e+03,1.655629544645506428e+02
1.165062939200831579e+03,1.655840737761423611e+02
1.165563171951646837e+03,1.638059517264784120e+02
1.166063404702462094e+03,1.661232780326072316e+02
1.166563637453277352e+03,1.664840793536652939e+02
1.167063870204092382e+03,1.651820005758630714e+02
1.167564102954907867e+03,1.651098423821219399e+02
1.168064335705722897e+03,1.661327275599552991e+02
1.168564568456538154e+03,1.653429069210380362e+02
1.169064801207353412e+03,1.661972015272624503e+02
1.169565033958168669e+03,1.641695030207696107e+02
1.170065266708983927e+03,1.650526937446897477e+02
1.170565499459798957e+03,1.656485844132938610e+02
1.171065732210614442e+03,1.677457630761317091e+02
1.171565964961429472e+03,1.656161891971167393e+02
1.172066197712244730e+03,1.663991963607346918e+02
1.172566430463059987e+03,1.654685396849732513e+02
1.173066663213875245e+03,1.662684580028153505e+02
1.173566895964690502e+03,1.663380745498953672e+02
1.174067128715505532e+03,1.671477451957891276e+02
1.174567361466321017e+03,1.661728649095889523e+02
1.175067594217136048e+03,1.673173763743301947e+02
1.175567826967951305e+03,1.647255394224054612e+02
1.176068059718766563e+03,1.674821239306859297e+02
1.176568292469581820e+03,1.666730334011390369e+02
1.177068525220397078e+03,1.658462403166224135e+02
1.177568757971212108e+03,1.659257278073375232e+02
1.178068990722027593e+03,1.680192226038562637e+02
1.178569223472842623e+03,1.668062410658013732e+02
1.179069456223657880e+03,1.669158254349108859e+02
1.179569688974473138e+03,1.658577970238629291e+02
1.180069921725288168e+03,1.661356948977428658e+02
1.180570154476103653e+03,1.642492379933979407e+02
1.181070387226918683e+03,1.670856118559014476e+02
1.181570619977734168e+03,1.665611730174203728e+02
1.182070852728549198e+03,1.663216707360781470e+02
1.182571085479364456e+03,1.654760762513123211e+02
1.183071318230179713e+03,1.657009294334039566e+02
1.183571550980994743e+03,1.679974165493240719e+02
1.184071783731810228e+03,1.671585405964009965e+02
1.184572016482625259e+03,1.666358148122315299e+02
1.185072249233440516e+03,1.655758356167927445e+02
1.185572481984255774e+03,1.668814685979473325e+02
1.186072714735071031e+03,1.673287722908512478e+02
1.186572947485886289e+03,1.662421280644177841e+02
1.187073180236701319e+03,1.663695281929416296e+02
1.187573412987516804e+03,1.669267797810207128e+02
1.188073645738331834e+03,1.654385190514110775e+02
1.188573878489147091e+03,1.663523313222269735e+02
1.189074111239962349e+03,1.642803641149971838e+02
1.189574343990777606e+03,1.655981873577282215e+02
1.190074576741592864e+03,1.644982247043704717e+02
1.190574809492407894e+03,1.661878447752061447e+02
1.191075042243223379e+03,1.659604852675360576e+02
1.191575274994038409e+03,1.669589950279029722e+02
1.192075507744853667e+03,1.663501765423824281e+02
1.192575740495668924e+03,1.682874739844644125e+02
1.193075973246484182e+03,1.661999773397684805e+02
1.193576205997299439e+03,1.666848490709318185e+02
1.194076438748114469e+03,1.667468848292984660e+02
1.194576671498929954e+03,1.651967633423473956e+02
1.195076904249744985e+03,1.682235867769334163e+02
1.195577137000560242e+03,1.656300997238879518e+02
1.196077369751375500e+03,1.658264826011256332e+02
1.196577602502190757e+03,1.655369836070287306e+02
1.197077835253006015e+03,1.651436362238796960e+02
1.197578068003821045e+03,1.666551134775134528e+02
1.198078300754636530e+03,1.661763386179111137e+02
1.198578533505451560e+03,1.654889376587016443e+02
1.199078766256266817e+03,1.657279177270900163e+02
1.199578999007082075e+03,1.665908437596299621e+02
1.200079231757897105e+03,1.660975943578685872e+02
1.200579464508712590e+03,1.688763849047371650e+02
1.201079697259527620e+03,1.663527760479584003e+02
1.201579930010343105e+03,1.657559285203556101e+02
1.202080162761158135e+03,1.646257554146095003e+02
1.202580395511973393e+03,1.647831715997879201e+02
1.203080628262788650e+03,1.655206266468412650e+02
1.203580861013603680e+03,1.670957578449330185e+02
1.204081093764419165e+03,1.666756273990560260e+02
1.204581326515234196e+03,1.673892868804690579e+02
1.205081559266049453e+03,1.662962676202726584e+02
1.205581792016864711e+03,1.661335894918764780e+02
1.206082024767679968e+03,1.641154397346816154e+02
1.206582257518495226e+03,1.667171239839730106e+02
1.207082490269310256e+03,1.673677031559808199e+02
1.207582723020125741e+03,1.675091367601467596e+02
1.208082955770940771e+03,1.658347737792465182e+02
1.208583188521756028e+03,1.650866013061074682e+02
1.209083421272571286e+03,1.654470205496803601e+02
1.209583654023386543e+03,1.652990688807235244e+02
1.210083886774201801e+03,1.667303000985852179e+02
1.210584119525016831e+03,1.656447945044716334e+02
1.211084352275832316e+03,1.643681491757643300e+02
1.211584585026647346e+03,1.664587806477431684e+02
1.212084817777462604e+03,1.656707966333326851e+02
1.212585050528277861e+03,1.683282417635064405e+02
1.213085283279093119e+03,1.668720724012770233e+02
1.213585516029908376e+03,1.657808588844073370e+02
1.214085748780723407e+03,1.657227269246936032e+02
1.214585981531538891e+03,1.666150804605074711e+02
1.215086214282353922e+03,1.668406753595147620e+02
1.215586447033169179e+03,1.659737878465822973e+02
1.216086679783984437e+03,1.664787172663399133e+02
1.216586912534799694e+03,1.652368897940822592e+02
1.217087145285614952e+03,1.649883643602595669e+02
1.217587378036429982e+03,1.650097275221967266e+02
1.218087610787245467e+03,1.666800781974699248e+02
1.218587843538060497e+03,1.647417353147351662e+02
1.219088076288875754e+03,1.665487360833384685e+02
1.219588309039691012e+03,1.664691754723785664e+02
1.220088541790506270e+03,1.648821491688357810e+02
1.220588774541321527e+03,1.643086356770992040e+02
1.221089007292136557e+03,1.667383720021904310e+02
1.221589240042952042e+03,1.648908986480370231e+02
1.222089472793767072e+03,1.662483830191960976e+02
1.222589705544582330e+03,1.649656220681177103e+02
1.223089938295397587e+03,1.659741013690828595e+02
1.223590171046212618e+03,1.668840117987870713e+02
1.224090403797028102e+03,1.662675527789145065e+02
1.224590636547843133e+03,1.638635121580004181e+02
1.225090869298658617e+03,1.650200091609773665e+02
1.225591102049473648e+03,1.662074409297854345e+02
1.226091334800288905e+03,1.648222995359082859e+02
1.226591567551104163e+03,1.642930163460624442e+02
1.227091800301919193e+03,1.639813835163304532e+02
1.227592033052734678e+03,1.657798530962071482e+02
1.228092265803549708e+03,1.656201812871902916e+02
1.228592498554364965e+03,1.649921167678604093e+02
1.229092731305180223e+03,1.660146657576460996e+02
1.229592964055995481e+03,1.645232591898613066e+02
1.230093196806810738e+03,1.663508329369801402e+02
1.230593429557625768e+03,1.659055662816883796e+02
1.231093662308441253e+03,1.671127477538001926e+02
1.231593895059256283e+03,1.654729821808882377e+02
1.232094127810071541e+03,1.655676823737919108e+02
1.232594360560886798e+03,1.660324633392402234e+02
1.233094593311702056e+03,1.659407425755979091e+02
1.233594826062517313e+03,1.659043541612279569e+02
1.234095058813332344e+03,1.649754889005016878e+02
1.234595291564147828e+03,1.669375622466141920e+02
1.235095524314962859e+03,1.629154167454021831e+02
1.235595757065778116e+03,1.648123475541245568e+02
1.236095989816593374e+03,1.656640786165636428e+02
1.236596222567408631e+03,1.655418709625374447e+02
1.237096455318223889e+03,1.660349842546973207e+02
1.237596688069038919e+03,1.667993074235533015e+02
1.238096920819854404e+03,1.638966279257797396e+02
1.238597153570669434e+03,1.624758958742911545e+02
1.239097386321484692e+03,1.632866904149973095e+02
1.239597619072299949e+03,1.663748841472494462e+02
1.240097851823115207e+03,1.650236151000489997e+02
1.240598084573930464e+03,1.630134288373511993e+02
1.241098317324745494e+03,1.635285327569032745e+02
1.241598550075560979e+03,1.630966388687894835e+02
1.242098782826376009e+03,1.637505606626516226e+02
1.242599015577191267e+03,1.648277494046706124e+02
1.243099248328006524e+03,1.635335322026433289e+02
1.243599481078821555e+03,1.634886905960497927e+02
1.244099713829637039e+03,1.643187186097323433e+02
1.244599946580452070e+03,1.641461055346102853e+02
1.245100179331267555e+03,1.636551473259529246e+02
1.245600412082082585e+03,1.642137913647590324e+02
1.246100644832897842e+03,1.613841852622637418e+02
1.246600877583713100e+03,1.632335978264065375e+02
1.247101110334528130e+03,1.642035546939240760e+02
1.247601343085343615e+03,1.630356337555903394e+02
1.248101575836158645e+03,1.643101672783637639e+02
1.248601808586973902e+03,1.609612129772425249e+02
1.249102041337789160e+03,1.628352936420047286e+02
1.249602274088604418e+03,1.627542893207517807e+02
1.250102506839419675e+03,1.614562547030249391e+02
1.250602739590234705e+03,1.615260285825029882e+02
1.251102972341050190e+03,1.623004148093108370e+02
1.251603205091865220e+03,1.614360137831880024e+02
1.252103437842680478e+03,1.632955198335020839e+02
1.252603670593495735e+03,1.613522060913472274e+02
1.253103903344310993e+03,1.633404013692407091e+02
1.253604136095126250e+03,1.602140105435393878e+02
1.254104368845941281e+03,1.625274235197711619e+02
1.254604601596756766e+03,1.622144037264956182e+02
1.255104834347571796e+03,1.635063724557064404e+02
1.255605067098387053e+03,1.619828626951681656e+02
1.256105299849202311e+03,1.629527217627188520e+02
1.256605532600017568e+03,1.623502988308016199e+02
1.257105765350832826e+03,1.640896622779131917e+02
1.257605998101647856e+03,1.647259919680341511e+02
1.258106230852463341e+03,1.649020113477505163e+02
1.258606463603278371e+03,1.647044710763520925e+02
1.259106696354093629e+03,1.638237026326730188e+02
1.259606929104908886e+03,1.644267624590235641e+02
1.260107161855724144e+03,1.664742185296193497e+02
1.260607394606539401e+03,1.653104516926770202e+02
1.261107627357354431e+03,1.651615126229276598e+02
1.261607860108169916e+03,1.672816604872600692e+02
1.262108092858984946e+03,1.639200163404034924e+02
1.262608325609800204e+03,1.660119600073314814e+02
1.263108558360615461e+03,1.643380323690837486e+02
1.263608791111430719e+03,1.648733388839744975e+02
1.264109023862245976e+03,1.667171888363593837e+02
1.264609256613061007e+03,1.654795057283921835e+02
1.265109489363876492e+03,1.651181501145626953e+02
1.265609722114691522e+03,1.650436156169398885e+02
1.266109954865506779e+03,1.645974359481634224e+02
1.266610187616322037e+03,1.674823001093198798e+02
1.267110420367137067e+03,1.684786872585539754e+02
1.267610653117952552e+03,1.665176975176169378e+02
1.268110885868767582e+03,1.660011524143675388e+02
1.268611118619583067e+03,1.665850902644871780e+02
1.269111351370398097e+03,1.671474304423193473e+02
1.269611584121213355e+03,1.671456643429549445e+02
1.270111816872028612e+03,1.661668887756992490e+02
1.270612049622843642e+03,1.662653924053486776e+02
1.271112282373659127e+03,1.659504382966353262e+02
1.271612515124474157e+03,1.678979170680183302e+02
1.272112747875289415e+03,1.677129400069318592e+02
1.272612980626104672e+03,1.654894564996930910e+02
1.273113213376919930e+03,1.656632980231713930e+02
1.273613446127735187e+03,1.651744378835691691e+02
1.274113678878550218e+03,1.669580287439126209e+02
1.274613911629365703e+03,1.659386422906111420e+02
1.275114144380180733e+03,1.677923547029724602e+02
1.275614377130995990e+03,1.658877266475279839e+02
1.276114609881811248e+03,1.652455810796591607e+02
1.276614842632626505e+03,1.678585324834875223e+02
1.277115075383441763e+03,1.699795125492672412e+02
1.277615308134256793e+03,1.672913022086578110e+02
1.278115540885072278e+03,1.681266787744514204e+02
1.278615773635887308e+03,1.684162095664887602e+02
1.279116006386702566e+03,1.668043609200496178e+02
1.279616239137517823e+03,1.676168475047156790e+02
1.280116471888333081e+03,1.679958082117868798e+02
1.280616704639148338e+03,1.637821131052544104e+02
1.281116937389963368e+03,1.668627425874301480e+02
1.281617170140778853e+03,1.672634050479140910e+02
1.282117402891593883e+03,1.681195031139091327e+02
1.282617635642409141e+03,1.667861118242988709e+02
1.283117868393224398e+03,1.684308715870958508e+02
1.283618101144039656e+03,1.656540697800562043e+02
1.284118333894854914e+03,1.659531087110875944e+02
1.284618566645669944e+03,1.658769641111681779e+02
1.285118799396485429e+03,1.675084698056193417e+02
1.285619032147300459e+03,1.658455097982096333e+02
1.286119264898115716e+03,1.671273392112388763e+02
1.286619497648930974e+03,1.649471817765885362e+02
1.287119730399746004e+03,1.672612864800426280e+02
1.287619963150561489e+03,1.664177247284107466e+02
1.288120195901376519e+03,1.681375153656992154e+02
1.288620428652192004e+03,1.671903325987970277e+02
1.289120661403007034e+03,1.673196738294262786e+02
1.289620894153822292e+03,1.670044347468894728e+02
1.290121126904637549e+03,1.668487234077117591e+02
1.290621359655452579e+03,1.673185137621409240e+02
1.291121592406268064e+03,1.684254837383719234e+02
1.291621825157083094e+03,1.660700189939637710e+02
1.292122057907898352e+03,1.677980304413286774e+02
1.292622290658713609e+03,1.673566576358028328e+02
1.293122523409528867e+03,1.672631360360893780e+02
1.293622756160344125e+03,1.685211229394628845e+02
1.294122988911159155e+03,1.680448435375282941e+02
1.294623221661974640e+03,1.659581171751861461e+02
1.295123454412789670e+03,1.678225893456397273e+02
1.295623687163604927e+03,1.671528050327372910e+02
1.296123919914420185e+03,1.679826370110078244e+02
1.296624152665235442e+03,1.681174410153222141e+02
1.297124385416050700e+03,1.679359681115176386e+02
1.297624618166865730e+03,1.670442180675092061e+02
1.298124850917681215e+03,1.660437400233900860e+02
1.298625083668496245e+03,1.671612216713869827e+02
1.299125316419311503e+03,1.666564742523349025e+02
1.299625549170126760e+03,1.688024222312851634e+02
1.300125781920942018e+03,1.679741527020669594e+02
1.300626014671757275e+03,1.666809180867685996e+02
1.301126247422572305e+03,1.667304678467818349e+02
1.301626480173387790e+03,1.667673934599975780e+02
1.302126712924202820e+03,1.675649162043825697e+02
1.302626945675018078e+03,1.672812151724174896e+02
1.303127178425833335e+03,1.685123116782170314e+02
1.303627411176648593e+03,1.658360842982049235e+02
1.304127643927463851e+03,1.673795864287502297e+02
1.304627876678278881e+03,1.667045508399682774e+02
1.305128109429094366e+03,1.670353301788732949e+02
1.305628342179909396e+03,1.668312758967415448e+02
1.306128574930724653e+03,1.672717501668924456e+02
1.306628807681539911e+03,1.662746396047265875e+02
1.307129040432355168e+03,1.663450155515754432e+02
1.307629273183170426e+03,1.676664202773627608e+02
1.308129505933985456e+03,1.682877619091461838e+02
1.308629738684800941e+03,1.676143712966506314e+02
1.309129971435615971e+03,1.679280684060686042e+02
1.309630204186431229e+03,1.687972677869601341e+02
1.310130436937246486e+03,1.677408519497827797e+02
1.310630669688061516e+03,1.683040803865458486e+02
1.311130902438877001e+03,1.678296958968620913e+02
1.311631135189692031e+03,1.668301176458711836e+02
1.312131367940507516e+03,1.676100621237571318e+02
1.312631600691322546e+03,1.679667588025087639e+02
1.313131833442137804e+03,1.671280390015221258e+02
1.313632066192953062e+03,1.668927027224775941e+02
1.314132298943768092e+03,1.674271339955634232e+02
1.314632531694583577e+03,1.669510207496261103e+02
1.315132764445398607e+03,1.664249947253472897e+02
1.315632997196213864e+03,1.669770393551566485e+02
1.316133229947029122e+03,1.671296838364084181e+02
1.316633462697844379e+03,1.689216479034942893e+02
1.317133695448659637e+03,1.669663061487985658e+02
1.317633928199474667e+03,1.670993533432763343e+02
1.318134160950290152e+03,1.678264650728423533e+02
1.318634393701105182e+03,1.659649373590122252e+02
1.319134626451920440e+03,1.666325232248102850e+02
1.319634859202735697e+03,1.661452012148093331e+02
1.320135091953550955e+03,1.665932906944838123e+02
1.320635324704366212e+03,1.683605663633580036e+02
1.321135557455181242e+03,1.675488406750463071e+02
1.321635790205996727e+03,1.665212512333903874e+02
1.322136022956811757e+03,1.665357586945339960e+02
1.322636255707627015e+03,1.679637145969784058e+02
1.323136488458442273e+03,1.656761641184433245e+02
1.323636721209257530e+03,1.653401371923967815e+02
1.324136953960072788e+03,1.677217007189885294e+02
1.324637186710887818e+03,1.654908079727587733e+02
1.325137419461703303e+03,1.685021862933124339e+02
1.325637652212518333e+03,1.648324331067872208e+02
1.326137884963333590e+03,1.674565821014286087e+02
1.326638117714148848e+03,1.672336585428814431e+02
1.327138350464964105e+03,1.678210790969457946e+02
1.327638583215779363e+03,1.674290731664426630e+02
1.328138815966594393e+03,1.669934961381072469e+02
1.328639048717409878e+03,1.656962172327347673e+02
1.329139281468224908e+03,1.674134098550144074e+02
1.329639514219040166e+03,1.656750350368511420e+02
1.330139746969855423e+03,1.667141751304301351e+02
1.330639979720670453e+03,1.654866161756425811e+02
1.331140212471485938e+03,1.663036659180662866e+02
1.331640445222300968e+03,1.671466440795760491e+02
1.332140677973116453e+03,1.658633474933693321e+02
1.332640910723931484e+03,1.681835257534091568e+02
1.333141143474746741e+03,1.662386408169414267e+02
1.333641376225561999e+03,1.691488803183280822e+02
1.334141608976377029e+03,1.670495476267383594e+02
1.334641841727192514e+03,1.667692734522489673e+02
1.335142074478007544e+03,1.653056701698478719e+02
1.335642307228822801e+03,1.666919776819464971e+02
1.336142539979638059e+03,1.672061694491917194e+02
1.336642772730453316e+03,1.673531077607285340e+02
1.337143005481268574e+03,1.676790660482501778e+02
1.337643238232083604e+03,1.669904439817495643e+02
1.338143470982899089e+03,1.666372581963745176e+02
1.338643703733714119e+03,1.683000138813189608e+02
1.339143936484529377e+03,1.684671668968764777e+02
1.339644169235344634e+03,1.670455043444445948e+02
1.340144401986159892e+03,1.670106336541309133e+02
1.340644634736975149e+03,1.683038875089010560e+02
1.341144867487790179e+03,1.677964010553709215e+02
1.341645100238605664e+03,1.665743017870898939e+02
1.342145332989420695e+03,1.673001307812859011e+02
1.342645565740235952e+03,1.676513973327814995e+02
1.343145798491051210e+03,1.675639070661810024e+02
1.343646031241866467e+03,1.670504812339428042e+02
1.344146263992681725e+03,1.673526626996059861e+02
1.344646496743496982e+03,1.650812914784255838e+02
1.345146729494312012e+03,1.668465074533360166e+02
1.345646962245127270e+03,1.690777145316178576e+02
1.346147194995942527e+03,1.669507868047863326e+02
1.346647427746757785e+03,1.663274698566484631e+02
1.347147660497573042e+03,1.670737467802308629e+02
1.347647893248388300e+03,1.668527380638558952e+02
1.348148125999203558e+03,1.666736709693154808e+02
1.348648358750018588e+03,1.664452569968877924e+02
1.349148591500833845e+03,1.675836803281525249e+02
1.349648824251649103e+03,1.665878003800744693e+02
1.350149057002464360e+03,1.679699979145296425e+02
1.350649289753279618e+03,1.660640437230074440e+02
1.351149522504094875e+03,1.687712539322065197e+02
1.351649755254909905e+03,1.664567389142392244e+02
1.352149988005725163e+03,1.655127509846943497e+02
1.352650220756540421e+03,1.677089014578944273e+02
1.353150453507355678e+03,1.672337219578355700e+02
1.353650686258170936e+03,1.664611042142901738e+02
1.354150919008986193e+03,1.672317544592124818e+02
1.354651151759801451e+03,1.673397221395738939e+02
1.355151384510616481e+03,1.675950130610385429e+02
1.355651617261431738e+03,1.664218279913560536e+02
1.356151850012246996e+03,1.672203186335916882e+02
1.356652082763062253e+03,1.683700503857324122e+02
1.357152315513877511e+03,1.666394592109298003e+02
1.357652548264692768e+03,1.682402287976704542e+02
1.358152781015508026e+03,1.669006158865866780e+02
1.358653013766323056e+03,1.666500117310686733e+02
1.359153246517138314e+03,1.672532760398559333e+02
1.359653479267953571e+03,1.659028292512637677e+02
1.360153712018768829e+03,1.664484466616281679e+02
1.360653944769584086e+03,1.663797106046020247e+02
1.361154177520399344e+03,1.675795506757559394e+02
1.361654410271214374e+03,1.651166478182835249e+02
1.362154643022029632e+03,1.653126518069598774e+02
1.362654875772844889e+03,1.694805379933557958e+02
1.363155108523660147e+03,1.667848529602994745e+02
1.363655341274475404e+03,1.672547039045700501e+02
1.364155574025290662e+03,1.677531520373763669e+02
1.364655806776105919e+03,1.674347156782476418e+02
1.365156039526920949e+03,1.678399292189066045e+02
1.365656272277736207e+03,1.670626638601817717e+02
1.366156505028551464e+03,1.682459012824122908e+02
1.366656737779366722e+03,1.673685278348421832e+02
1.367156970530181979e+03,1.679652260566701045e+02
1.367657203280997237e+03,1.676925459495623727e+02
1.368157436031812495e+03,1.695190747510833376e+02
1.368657668782627525e+03,1.685585387694422934e+02
1.369157901533442782e+03,1.687023049116941422e+02
1.369658134284258040e+03,1.685844270462580141e+02
1.370158367035073297e+03,1.677206373874779501e+02
1.370658599785888555e+03,1.690829948570102772e+02
1.371158832536703812e+03,1.673664135634398633e+02
1.371659065287518843e+03,1.663402020703135520e+02
1.372159298038334100e+03,1.678827486575916907e+02
1.372659530789149358e+03,1.645841560857414549e+02
1.373159763539964615e+03,1.668697866198772033e+02
1.373659996290779873e+03,1.674777241369956187e+02
1.374160229041595130e+03,1.676135306007416830e+02
1.374660461792410388e+03,1.685806356742071159e+02
1.375160694543225418e+03,1.688924368552395947e+02
1.375660927294040675e+03,1.674990319842126496e+02
1.376161160044855933e+03,1.675919601459901571e+02
1.376661392795671190e+03,1.658980891274144085e+02
1.377161625546486448e+03,1.662002185464367301e+02
1.377661858297301706e+03,1.677858986995510122e+02
1.378162091048116963e+03,1.674665866911512353e+02
1.378662323798931993e+03,1.691960510666236246e+02
1.379162556549747251e+03,1.678740069252257001e+02
1.379662789300562508e+03,1.676184549587132437e+02
1.380163022051377766e+03,1.676848888931514807e+02
1.380663254802193023e+03,1.677702117866214166e+02
1.381163487553008281e+03,1.685698315219482879e+02
1.381663720303823311e+03,1.668240451318901592e+02
1.382163953054638569e+03,1.677707708448021151e+02
1.382664185805453826e+03,1.664454449651730954e+02
1.383164418556269084e+03,1.672365212972035522e+02
1.383664651307084341e+03,1.671249159637643515e+02
1.384164884057899599e+03,1.677614278072572347e+02
1.384665116808714856e+03,1.663211174690950145e+02
1.385165349559529886e+03,1.661976003409988891e+02
1.385665582310345144e+03,1.679402459617684542e+02
1.386165815061160401e+03,1.651485071175970347e+02
1.386666047811975659e+03,1.675915859707175741e+02
1.387166280562790917e+03,1.655324850371826528e+02
1.387666513313606174e+03,1.644769875162100448e+02
1.388166746064421432e+03,1.672322597516901794e+02
1.388666978815236462e+03,1.680435213035889035e+02
1.389167211566051719e+03,1.665442837999688948e+02
1.389667444316866977e+03,1.669819978582239912e+02
1.390167677067682234e+03,1.671240481690312549e+02
1.390667909818497492e+03,1.665548589757223965e+02
1.391168142569312749e+03,1.689896213216984222e+02
1.391668375320128007e+03,1.662509083586919303e+02
1.392168608070943037e+03,1.676172075039669380e+02
1.392668840821758295e+03,1.677899802752592393e+02
1.393169073572573552e+03,1.681702711189697084e+02
1.393669306323388810e+03,1.691999840620927102e+02
1.394169539074204067e+03,1.674863194560155648e+02
1.394669771825019325e+03,1.669272876973682571e+02
1.395170004575834355e+03,1.675821123407445157e+02
1.395670237326649612e+03,1.668262429307590651e+02
1.396170470077464870e+03,1.681473250437261981e+02
1.396670702828280128e+03,1.690809719153227775e+02
1.397170935579095385e+03,1.660927152633981905e+02
1.397671168329910643e+03,1.662383512459808230e+02
1.398171401080725900e+03,1.685884813189032911e+02
1.398671633831540930e+03,1.658349363705676751e+02
1.399171866582356188e+03,1.666329555839195109e+02
1.399672099333171445e+03,1.661642547651082111e+02
1.400172332083986703e+03,1.660311499409942826e+02
1.400672564834801960e+03,1.655733995546551967e+02
1.401172797585617218e+03,1.677290774280708945e+02
1.401673030336432475e+03,1.660717030035854975e+02
1.402173263087247506e+03,1.665541794271915705e+02
1.402673495838062763e+03,1.666905943478229801e+02
1.403173728588878021e+03,1.667775661373403864e+02
1.403673961339693278e+03,1.656097781177490162e+02
1.404174194090508536e+03,1.677993471824732694e+02
1.404674426841323793e+03,1.669161097708172576e+02
1.405174659592138823e+03,1.680306967830206588e+02
1.405674892342954081e+03,1.660811285757109488e+02
1.406175125093769338e+03,1.670042733637229730e+02
1.406675357844584596e+03,1.664216278085857539e+02
1.407175590595399854e+03,1.680985439912997208e+02
1.407675823346215111e+03,1.672054069669018759e+02
1.408176056097030369e+03,1.671768533751809684e+02
1.408676288847845399e+03,1.658629286818886612e+02
1.409176521598660656e+03,1.674506553036014509e+02
1.409676754349475914e+03,1.678577421649740700e+02
1.410176987100291171e+03,1.663180179035915955e+02
1.410677219851106429e+03,1.671009949623826287e+02
1.411177452601921686e+03,1.676475826693097986e+02
1.411677685352736944e+03,1.665945856932804361e+02
1.412177918103551974e+03,1.666828274992026024e+02
1.412678150854367232e+03,1.692665056741186902e+02
1.413178383605182489e+03,1.662693831200628551e+02
1.413678616355997747e+03,1.661277848710076057e+02
1.414178849106813004e+03,1.659009857356676036e+02
1.414679081857628262e+03,1.671166255438135408e+02
1.415179314608443292e+03,1.692634065738062645e+02
1.415679547359258549e+03,1.682758512787077052e+02
1.416179780110073807e+03,1.688668524954160830e+02
1.416680012860889065e+03,1.677654994376381694e+02
1.417180245611704322e+03,1.661693695422704025e+02
1.417680478362519580e+03,1.689770715107993340e+02
1.418180711113334837e+03,1.673655891144498185e+02
1.418680943864149867e+03,1.679433747720167105e+02
1.419181176614965125e+03,1.667493371343504407e+02
1.419681409365780382e+03,1.668040582794037334e+02
1.420181642116595640e+03,1.676020247930606502e+02
1.420681874867410897e+03,1.674285322542249901e+02
1.421182107618226155e+03,1.683682093822056913e+02
1.421682340369041412e+03,1.662006336699935787e+02
1.422182573119856443e+03,1.677266036321867944e+02
1.422682805870671700e+03,1.663689093233434733e+02
1.423183038621486958e+03,1.674181438202973879e+02
1.423683271372302215e+03,1.666801554820699494e+02
1.424183504123117473e+03,1.658509483103289597e+02
1.424683736873932730e+03,1.667324271609410005e+02
1.425183969624747760e+03,1.674615150784190405e+02
1.425684202375563018e+03,1.676584102000808514e+02
1.426184435126378276e+03,1.677748496808794414e+02
1.426684667877193533e+03,1.672450671362873322e+02
1.427184900628008791e+03,1.663885561350349178e+02
1.427685133378824048e+03,1.684045238816915742e+02
1.428185366129639306e+03,1.683979714715932516e+02
1.428685598880454336e+03,1.682792334997085106e+02
1.429185831631269593e+03,1.685743128511991813e+02
1.429686064382084851e+03,1.674792113210457387e+02
1.430186297132900108e+03,1.682491173078033739e+02
1.430686529883715366e+03,1.672479792025440020e+02
1.431186762634530623e+03,1.673216600015201436e+02
1.431686995385345881e+03,1.664891383378742944e+02
1.432187228136160911e+03,1.670133694535662983e+02
1.432687460886976169e+03,1.680783190282124906e+02
1.433187693637791426e+03,1.669634023604971560e+02
1.433687926388606684e+03,1.661338805752068879e+02
1.434188159139421941e+03,1.670973938500065117e+02
1.434688391890237199e+03,1.674371635855842442e+02
1.435188624641052456e+03,1.683533526554143407e+02
1.435688857391867487e+03,1.671089539235125585e+02
1.436189090142682744e+03,1.664018995825521188e+02
1.436689322893498002e+03,1.678452462054007412e+02
1.437189555644313259e+03,1.671120801786005927e+02
1.437689788395128517e+03,1.671553421695896020e+02
1.438190021145943774e+03,1.673557157074687041e+02
1.438690253896758804e+03,1.666023441396980616e+02
1.439190486647574062e+03,1.682439183697021292e+02
1.439690719398389319e+03,1.663549613640597613e+02
1.440190952149204577e+03,1.678021926803191093e+02
1.440691184900019834e+03,1.667297071791341239e+02
1.441191417650835092e+03,1.682606120778350203e+02
1.441691650401650350e+03,1.656430654409026602e+02
1.442191883152465380e+03,1.665071127057215676e+02
1.442692115903280637e+03,1.661225352848396710e+02
1.443192348654095895e+03,1.661436298771172346e+02
1.443692581404911152e+03,1.694567034798864427e+02
1.444192814155726410e+03,1.673819882171289066e+02
1.444693046906541667e+03,1.657852193326260704e+02
1.445193279657356925e+03,1.664518380812769749e+02
1.445693512408171955e+03,1.654079167710040679e+02
1.446193745158987213e+03,1.661047020198510040e+02
1.446693977909802470e+03,1.652309368643670098e+02
1.447194210660617728e+03,1.662965863468762393e+02
1.447694443411432985e+03,1.667933057937673595e+02
1.448194676162248243e+03,1.681827496546819987e+02
1.448694908913063273e+03,1.681316221636440389e+02
1.449195141663878530e+03,1.694277353665660257e+02
1.449695374414693788e+03,1.667904604703299185e+02
1.450195607165509045e+03,1.667617816893602765e+02
1.450695839916324303e+03,1.691835630724085036e+02
1.451196072667139561e+03,1.676262712211093913e+02
1.451696305417954818e+03,1.687580010695808141e+02
1.452196538168769848e+03,1.663884725121586428e+02
1.452696770919585106e+03,1.676616084461975902e+02
1.453197003670400363e+03,1.670487308288586803e+02
1.453697236421215621e+03,1.669268348955015995e+02
1.454197469172030878e+03,1.673430026709513641e+02
1.454697701922846136e+03,1.671813277530264656e+02
1.455197934673661393e+03,1.681255024287206652e+02
1.455698167424476424e+03,1.666681680136948387e+02
1.456198400175291681e+03,1.669460541610353062e+02
1.456698632926106939e+03,1.670879024950428402e+02
1.457198865676922196e+03,1.681685159050186940e+02
1.457699098427737454e+03,1.676654729484145889e+02
1.458199331178552711e+03,1.651705107061661408e+02
1.458699563929367741e+03,1.669978891040307474e+02
1.459199796680182999e+03,1.684334290474918134e+02
1.459700029430998256e+03,1.677210589091041584e+02
1.460200262181813514e+03,1.663983649978467838e+02
1.460700494932628771e+03,1.681300088309514535e+02
1.461200727683444029e+03,1.674318433906036034e+02
1.461700960434259287e+03,1.664324768284101310e+02
1.462201193185074317e+03,1.678020336971540871e+02
1.462701425935889574e+03,1.695987333947101945e+02
1.463201658686704832e+03,1.687433953333895715e+02
1.463701891437520089e+03,1.653046601138278220e+02
1.464202124188335347e+03,1.675033855912060119e+02
1.464702356939150604e+03,1.659513094976757372e+02
1.465202589689965862e+03,1.674689492597522928e+02
1.465702822440780892e+03,1.664955894262542131e+02
1.466203055191596150e+03,1.666888397887407223e+02
1.466703287942411407e+03,1.676116983825884006e+02
1.467203520693226665e+03,1.693150271379890626e+02
1.467703753444041922e+03,1.663614699896756690e+02
1.468203986194857180e+03,1.678252933365051831e+02
1.468704218945672210e+03,1.674956553342868233e+02
1.469204451696487467e+03,1.660129388262159011e+02
1.469704684447302725e+03,1.668600456298885888e+02
1.470204917198117982e+03,1.671000552747930215e+02
1.470705149948933240e+03,1.658499385789072562e+02
1.471205382699748498e+03,1.658157862425433677e+02
1.471705615450563755e+03,1.665946526798009586e+02
1.472205848201378785e+03,1.655553403137184603e+02
1.472706080952194043e+03,1.670668938483991894e+02
1.473206313703009300e+03,1.670494836145734325e+02
1.473706546453824558e+03,1.691625578179152001e+02
1.474206779204639815e+03,1.665057290883535188e+02
1.474707011955455073e+03,1.662582976938683998e+02
1.475207244706270330e+03,1.685149885115115183e+02
1.475707477457085361e+03,1.661228290655881210e+02
1.476207710207900618e+03,1.673962491199867486e+02
1.476707942958715876e+03,1.670614256358108207e+02
1.477208175709531133e+03,1.678708884638786287e+02
1.477708408460346391e+03,1.673830231114914397e+02
1.478208641211161648e+03,1.682190473810534854e+02
1.478708873961976906e+03,1.650634796906138604e+02
1.479209106712791936e+03,1.673931389557405396e+02
1.479709339463607193e+03,1.685857224655014477e+02
1.480209572214422451e+03,1.682077204571881168e+02
1.480709804965237709e+03,1.681370126117375037e+02
1.481210037716052966e+03,1.680675189823897711e+02
1.481710270466868224e+03,1.663622742541365653e+02
1.482210503217683254e+03,1.674095129985047379e+02
1.482710735968498511e+03,1.680084153781850205e+02
1.483210968719313769e+03,1.668450120084513628e+02
1.483711201470129026e+03,1.656536976171279036e+02
1.484211434220944284e+03,1.692308721654844135e+02
1.484711666971759541e+03,1.680174035821388543e+02
1.485211899722574799e+03,1.692388818616500146e+02
1.485712132473389829e+03,1.678061929810763218e+02
1.486212365224205087e+03,1.672270434419684761e+02
1.486712597975020344e+03,1.678965896517936187e+02
1.487212830725835602e+03,1.692593753788211188e+02
1.487713063476650859e+03,1.687806118223575709e+02
1.488213296227466117e+03,1.674208061788450834e+02
1.488713528978281374e+03,1.667219787258929955e+02
1.489213761729096404e+03,1.675495288695389888e+02
1.489713994479911662e+03,1.689726404881808719e+02
1.490214227230726920e+03,1.687112444786066874e+02
1.490714459981542177e+03,1.655487365086896148e+02
1.491214692732357435e+03,1.672987897032120372e+02
1.491714925483172692e+03,1.682766364049589072e+02
1.492215158233987722e+03,1.675856316713539513e+02
1.492715390984802980e+03,1.671546707295365195e+02
1.493215623735618237e+03,1.680700136235912794e+02
1.493715856486433495e+03,1.684746148739572789e+02
